Name	ID	Transect	Topography	Elevation	Long	Lat	PPT_At	PPT_Sm	PPT_Sp	PPT_Wt	Tmax_At	Tmax_Sm	Tmax_Sp	Tmax_Wt	Tmin_At	Tmin_Sm	Tmin_Sp	Tmin_Wt	H_Index	PC1	Pg.03r201021s000001_527438_G	Pg.03r201021s000001_527441_C	Pg.03r201021s000001_527450_C	Pg.03r201021s000001_527476_G	Pg.03r201021s000001_527484_G	Pg.03r201021s000001_527580_T	Pg.03r201021s000001_527585_T	Pg.03r201021s000001_527769_A	Pg.03r201021s000001_527789_A	Pg.03r201021s000001_1243804_G	Pg.03r201021s000001_1243887_A	Pg.03r201021s000001_1243909_G	Pg.03r201021s000001_1243910_C	Pg.03r201021s000001_1243980_T	Pg.03r201021s000001_1243981_A	Pg.03r201021s000001_1244116_A	Pg.03r201021s000001_1244125_T	Pg.03r201021s000001_1244179_G	Pg.03r201021s000001_1244230_T	Pg.03r201021s000001_1244266_T	Pg.03r201021s000001_1244270_A	Pg.03r201021s000001_1244273_A	Pg.03r201021s000001_1244308_T	Pg.03r201021s000001_1244375_A	Pg.03r201021s000001_1244389_G	Pg.03r201021s000001_1244396_A	Pg.03r201021s000001_1244398_C	Pg.03r201021s000001_1814892_C	Pg.03r201021s000001_1814971_A	Pg.03r201021s000001_1814993_T	Pg.03r201021s000001_1814995_T
CAL_105502_P001_WA01	 2.3.6	5.Cascade	S	High	-115.504167	51.248633	108	163	111	102	7	17.79999924	6.099999905	-5.199999809	-4.699999809	4.5	-5.800000191	-16.29999924	0.111	-0.0795252	0	0	2	NA	NA	0	0	NA	NA	0	NA	1	1	1	NA	1	1	1	1	0	1	0	NA	0	NA	NA	NA	1	1	0	1
CAL_105502_P001_WA02	 8.1.9	1.Emerald	S	High	-116.540603	51.435322	204	247	137	262	5.099999905	16.89999962	5.5	-6.199999809	-4.800000191	4.300000191	-5.699999809	-15.80000019	0.82	0.0501066	0	0	0	2	0	0	0	2	1	0	NA	0	NA	NA	0	0	0	0	2	0	0	0	0	0	1	1	0	NA	0	1	0
CAL_105502_P001_WA03	 9.1.13	2.Cathedral	Valley	Low	-116.327133	51.445664	297	291	200	350	2.200000048	14.30000019	3.299999952	-7.800000191	-5.5	3.700000048	-6.699999809	-16.60000038	0.873	0.043379	0	0	0	0	2	1	0	1	2	2	0	0	2	0	1	0	0	1	1	0	0	0	0	0	0	0	0	2	0	0	2
CAL_105502_P001_WA04	 4.1.1	6.Canmore	N	High	-115.329208	51.050556	98	183	144	88	7.800000191	18.29999924	6.5	-4.800000191	-4.400000095	4.800000191	-5.5	-16	0.121	0.020387	NA	NA	NA	0	2	1	1	0	0	0	1	0	NA	1	0	0	0	1	1	NA	1	0	0	0	0	2	0	0	2	0	0
CAL_105502_P001_WA05	 9.2.1	2.Cathedral	S	High	-116.327133	51.445664	297	291	200	350	2.200000048	14.30000019	3.299999952	-7.800000191	-5.5	3.700000048	-6.699999809	-16.60000038	0.873	0.0527558	0	0	0	0	2	0	0	0	0	1	1	0	NA	NA	0	0	0	1	1	1	1	0	1	NA	1	1	0	NA	2	0	0
CAL_105502_P001_WA06	 3.2.1	3.Bell	N	High	-116.024544	51.305969	158	182	118	187	5.699999809	17.60000038	6	-6	-5.099999905	4.199999809	-5.900000095	-17.10000038	0.548	0.0578627	0	0	0	0	2	0	0	0	0	0	1	1	1	1	0	0	1	1	1	0	1	0	1	0	1	0	0	2	0	1	1
CAL_105502_P001_WA07	 9.2.9	2.Cathedral	S	High	-116.327133	51.445664	297	291	200	350	2.200000048	14.30000019	3.299999952	-7.800000191	-5.5	3.700000048	-6.699999809	-16.60000038	0.873	0.0437502	NA	NA	NA	NA	NA	2	0	0	1	0	1	0	0	NA	0	0	0	0	0	1	1	0	0	0	1	NA	NA	0	2	0	0
CAL_105502_P001_WA08	 7.1.13	7.Yates	S	High	-115.053825	51.038728	118	213	177	93	9.100000381	19.5	7.800000191	-3.599999905	-3.400000095	5.599999905	-4.800000191	-15.10000038	0.0617	-0.0325681	NA	NA	NA	0	2	1	0	2	2	NA	1	0	1	1	0	0	0	0	1	1	1	0	1	0	2	2	2	0	0	0	0
CAL_105502_P001_WA09	 6.1.9	8.Old Baldy	N	High	-115.131753	50.892411	107	187	161	113	7.699999809	18.10000038	6.099999905	-5	-4.400000095	4.900000095	-5.800000191	-15.89999962	0.322	0.0369867	0	0	2	0	2	0	0	1	1	0	1	0	0	1	0	0	NA	1	1	1	1	0	0	0	1	1	1	0	2	0	0
CAL_105502_P001_WA10	 8.2.9	1.Emerald	N	High	-116.540603	51.435322	204	247	137	262	5.099999905	16.89999962	5.5	-6.199999809	-4.800000191	4.300000191	-5.699999809	-15.80000019	0.82	0.0449681	0	0	2	NA	NA	0	0	0	0	0	2	0	0	1	0	0	0	1	1	1	1	1	0	0	1	1	1	0	2	0	0
CAL_105502_P001_WA11	 9.3.1	2.Cathedral	N	High	-116.327133	51.445664	297	291	200	350	2.200000048	14.30000019	3.299999952	-7.800000191	-5.5	3.700000048	-6.699999809	-16.60000038	0.873	0.0545336	0	0	0	0	2	0	0	2	1	1	0	1	NA	1	0	0	1	1	1	1	1	0	0	0	1	1	1	0	2	0	0
CAL_105502_P001_WA12	 7.3.9	7.Yates	Valley	Low	-115.053825	51.038728	118	213	177	93	9.100000381	19.5	7.800000191	-3.599999905	-3.400000095	5.599999905	-4.800000191	-15.10000038	0.0617	-0.080778	1	1	1	2	1	1	1	1	1	0	0	0	0	NA	NA	0	0	NA	NA	0	0	0	0	0	1	1	1	1	NA	0	1
CAL_105502_P001_WB01	 6.2.5	8.Old Baldy	S	High	-115.131753	50.892411	107	187	161	113	7.699999809	18.10000038	6.099999905	-5	-4.400000095	4.900000095	-5.800000191	-15.89999962	0.322	0.0104043	0	0	2	0	2	0	0	0	0	0	2	0	0	1	0	0	0	1	1	0	0	NA	0	0	0	0	0	0	1	1	0
CAL_105502_P001_WB02	 7.2.14	7.Yates	N	High	-115.053825	51.038728	118	213	177	93	9.100000381	19.5	7.800000191	-3.599999905	-3.400000095	5.599999905	-4.800000191	-15.10000038	0.0617	0.011762	NA	NA	NA	0	2	0	0	0	0	1	1	0	1	NA	0	0	0	1	1	1	1	0	0	0	1	1	NA	0	2	0	0
CAL_105502_P001_WB03	 3.3.13	3.Bell	S	High	-116.024544	51.305969	158	182	118	187	5.699999809	17.60000038	6	-6	-5.099999905	4.199999809	-5.900000095	-17.10000038	0.548	0.00686774	0	0	2	0	2	NA	NA	1	1	0	0	0	0	0	0	0	0	0	1	1	1	0	NA	0	1	2	1	1	1	0	1
CAL_105502_P001_WB04	 8.3.9	1.Emerald	Valley	Low	-116.540603	51.435322	204	247	137	262	5.099999905	16.89999962	5.5	-6.199999809	-4.800000191	4.300000191	-5.699999809	-15.80000019	0.82	0.0210013	0	0	1	1	1	1	1	1	1	NA	NA	NA	NA	0	2	0	0	0	1	NA	NA	0	1	0	NA	0	0	0	NA	0	0
CAL_105502_P001_WB05	 6.2.9	8.Old Baldy	S	High	-115.131753	50.892411	107	187	161	113	7.699999809	18.10000038	6.099999905	-5	-4.400000095	4.900000095	-5.800000191	-15.89999962	0.322	0.0491895	0	0	2	0	2	0	0	NA	NA	2	1	0	1	1	0	0	0	0	1	0	0	1	1	2	0	0	0	1	1	0	1
CAL_105502_P001_WB06	 2.2.1	5.Cascade	Valley	Low	-115.504167	51.248633	108	163	111	102	7	17.79999924	6.099999905	-5.199999809	-4.699999809	4.5	-5.800000191	-16.29999924	0.111	-0.0932629	0	1	0	2	0	1	1	2	2	2	1	0	1	1	1	1	0	0	1	0	0	0	NA	0	0	0	0	NA	1	0	1
CAL_105502_P001_WB07	 1.2.13	4.Norquay	S	High	-115.586944	51.190178	81	127	89	70	7.400000095	18.39999962	6.599999905	-5	-4.5	4.599999905	-5.5	-16	0.0772	0.0276647	0	0	1	0	2	0	0	0	0	0	2	0	0	1	0	0	0	0	1	0	0	2	1	2	0	0	0	0	1	1	0
CAL_105502_P001_WB08	 4.2.13	6.Canmore	S	High	-115.329208	51.050556	98	183	144	88	7.800000191	18.29999924	6.5	-4.800000191	-4.400000095	4.800000191	-5.5	-16	0.121	-0.0604824	0	0	0	2	0	0	0	2	0	NA	1	0	1	1	0	0	0	1	1	1	1	0	0	NA	NA	NA	NA	NA	1	0	1
CAL_105502_P001_WB09	 7.2.15	7.Yates	N	High	-115.053825	51.038728	118	213	177	93	9.100000381	19.5	7.800000191	-3.599999905	-3.400000095	5.599999905	-4.800000191	-15.10000038	0.0617	0.0415316	0	0	2	0	2	0	0	0	0	1	1	0	1	1	0	0	0	1	1	1	1	1	0	0	1	1	1	0	1	1	0
CAL_105502_P001_WB10	 2.2.5	5.Cascade	Valley	Low	-115.504167	51.248633	108	163	111	102	7	17.79999924	6.099999905	-5.199999809	-4.699999809	4.5	-5.800000191	-16.29999924	0.111	-0.0829421	0	1	0	1	0	2	1	2	2	NA	0	0	2	0	2	2	0	0	2	0	0	0	2	0	0	0	0	2	0	0	2
CAL_105502_P001_WB11	 7.2.4	7.Yates	N	High	-115.053825	51.038728	118	213	177	93	9.100000381	19.5	7.800000191	-3.599999905	-3.400000095	5.599999905	-4.800000191	-15.10000038	0.0617	0.00746152	0	0	0	2	0	0	0	2	2	1	0	0	NA	0	0	0	0	1	1	0	0	0	0	0	0	0	0	0	0	2	0
CAL_105502_P001_WB12	 7.2.13	7.Yates	N	High	-115.053825	51.038728	118	213	177	93	9.100000381	19.5	7.800000191	-3.599999905	-3.400000095	5.599999905	-4.800000191	-15.10000038	0.0617	0.0277529	NA	NA	0	2	0	1	1	2	0	NA	0	0	2	0	1	1	0	0	1	0	0	0	1	0	1	0	0	NA	0	0	2
CAL_105502_P001_WC01	 1.2.1	4.Norquay	S	High	-115.586944	51.190178	81	127	89	70	7.400000095	18.39999962	6.599999905	-5	-4.5	4.599999905	-5.5	-16	0.0772	0.0357767	NA	NA	NA	NA	0	0	0	0	0	NA	1	0	1	1	0	0	0	0	1	0	0	1	1	0	0	0	0	0	0	1	1
CAL_105502_P001_WC02	 9.3.9	2.Cathedral	N	High	-116.327133	51.445664	297	291	200	350	2.200000048	14.30000019	3.299999952	-7.800000191	-5.5	3.700000048	-6.699999809	-16.60000038	0.873	0.0410858	0	0	0	0	2	0	0	NA	1	0	2	0	0	2	0	0	1	0	0	1	2	0	0	0	2	2	2	1	1	1	1
CAL_105502_P001_WC03	 6.1.5	8.Old Baldy	N	High	-115.131753	50.892411	107	187	161	113	7.699999809	18.10000038	6.099999905	-5	-4.400000095	4.900000095	-5.800000191	-15.89999962	0.322	0.0518879	0	0	0	1	1	0	0	0	0	0	2	0	0	2	0	0	0	0	1	0	0	0	0	0	1	1	0	0	1	0	1
CAL_105502_P001_WC04	 1.3.9	4.Norquay	Valley	Low	-115.586944	51.190178	81	127	89	70	7.400000095	18.39999962	6.599999905	-5	-4.5	4.599999905	-5.5	-16	0.0772	-0.0899456	2	2	0	2	0	2	2	2	2	2	0	0	2	0	2	1	0	0	2	0	0	0	2	NA	0	0	NA	NA	0	0	2
CAL_105502_P001_WC05	 8.3.1	1.Emerald	Valley	Low	-116.540603	51.435322	204	247	137	262	5.099999905	16.89999962	5.5	-6.199999809	-4.800000191	4.300000191	-5.699999809	-15.80000019	0.82	0.00543949	NA	NA	1	1	0	1	1	1	1	0	1	0	0	1	0	0	0	NA	1	1	1	0	0	0	2	2	2	0	2	0	0
CAL_105502_P001_WC06	 7.3.1	7.Yates	Valley	Low	-115.053825	51.038728	118	213	177	93	9.100000381	19.5	7.800000191	-3.599999905	-3.400000095	5.599999905	-4.800000191	-15.10000038	0.0617	-0.0768967	0	0	0	2	0	1	1	1	0	NA	0	0	2	0	1	1	0	0	1	0	0	0	1	0	0	0	0	2	0	0	2
CAL_105502_P001_WC07	 9.1.9	2.Cathedral	Valley	Low	-116.327133	51.445664	297	291	200	350	2.200000048	14.30000019	3.299999952	-7.800000191	-5.5	3.700000048	-6.699999809	-16.60000038	0.873	0.0482295	0	0	2	0	2	0	0	0	0	0	NA	0	0	2	0	0	0	0	0	1	1	1	0	0	1	1	1	NA	1	0	0
CAL_105502_P001_WC08	 1.3.5	4.Norquay	Valley	Low	-115.586944	51.190178	81	127	89	70	7.400000095	18.39999962	6.599999905	-5	-4.5	4.599999905	-5.5	-16	0.0772	-0.0682844	0	2	0	2	0	2	2	2	2	NA	1	1	1	1	0	0	1	1	1	0	NA	0	0	0	2	1	1	0	2	0	0
CAL_105502_P001_WC09	 7.3.5	7.Yates	Valley	Low	-115.053825	51.038728	118	213	177	93	9.100000381	19.5	7.800000191	-3.599999905	-3.400000095	5.599999905	-4.800000191	-15.10000038	0.0617	-0.0797246	0	0	1	2	0	0	0	1	1	NA	1	0	1	1	1	1	0	0	1	0	0	0	1	0	0	0	0	2	0	0	2
CAL_105502_P001_WC10	 9.1.5	2.Cathedral	Valley	Low	-116.327133	51.445664	297	291	200	350	2.200000048	14.30000019	3.299999952	-7.800000191	-5.5	3.700000048	-6.699999809	-16.60000038	0.873	0.0171455	2	2	0	2	1	1	1	0	0	1	1	0	1	1	0	0	0	0	0	1	1	0	0	0	1	0	0	NA	2	0	0
CAL_105502_P001_WC11	 1.3.1	4.Norquay	Valley	Low	-115.586944	51.190178	81	127	89	70	7.400000095	18.39999962	6.599999905	-5	-4.5	4.599999905	-5.5	-16	0.0772	-0.0542256	2	2	0	2	0	2	2	2	2	1	1	0	1	1	1	1	0	0	1	1	1	0	1	0	1	NA	NA	2	0	0	2
CAL_105502_P001_WC12	 3.2.13	3.Bell	N	High	-116.024544	51.305969	158	182	118	187	5.699999809	17.60000038	6	-6	-5.099999905	4.199999809	-5.900000095	-17.10000038	0.548	0.0530868	0	0	0	2	0	0	0	1	0	1	1	1	1	1	0	0	1	1	1	1	1	0	0	0	1	1	1	0	NA	0	NA
CAL_105502_P001_WD01	 7.1.5	7.Yates	S	High	-115.053825	51.038728	118	213	177	93	9.100000381	19.5	7.800000191	-3.599999905	-3.400000095	5.599999905	-4.800000191	-15.10000038	0.0617	-0.0208036	0	2	0	2	0	2	2	2	2	1	1	1	1	1	0	0	1	1	1	0	1	0	0	0	2	2	2	NA	1	0	1
CAL_105502_P001_WD02	 6.2.13	8.Old Baldy	S	High	-115.131753	50.892411	107	187	161	113	7.699999809	18.10000038	6.099999905	-5	-4.400000095	4.900000095	-5.800000191	-15.89999962	0.322	0.032453	0	0	0	2	0	1	1	2	1	1	NA	0	1	1	NA	NA	0	NA	NA	0	NA	0	1	0	0	1	0	2	0	0	1
CAL_105502_P001_WD03	 1.1.13	4.Norquay	N	High	-115.586944	51.190178	81	127	89	70	7.400000095	18.39999962	6.599999905	-5	-4.5	4.599999905	-5.5	-16	0.0772	0.00657722	0	0	0	2	0	0	0	2	0	0	0	0	0	1	1	0	1	NA	1	0	1	0	0	0	NA	NA	NA	NA	2	0	1
CAL_105502_P001_WD04	 6.3.9	8.Old Baldy	Valley	Low	-115.131753	50.892411	107	187	161	113	7.699999809	18.10000038	6.099999905	-5	-4.400000095	4.900000095	-5.800000191	-15.89999962	0.322	-0.0662574	0	0	1	NA	1	0	0	1	1	0	1	0	0	1	0	0	0	1	1	1	1	0	0	NA	NA	NA	NA	1	1	0	1
CAL_105502_P001_WD05	 2.3.10	5.Cascade	S	High	-115.504167	51.248633	108	163	111	102	7	17.79999924	6.099999905	-5.199999809	-4.699999809	4.5	-5.800000191	-16.29999924	0.111	-0.0799051	2	2	0	2	0	2	2	2	2	0	2	0	0	2	0	0	0	0	0	0	0	0	0	0	0	0	0	2	0	0	2
CAL_105502_P001_WD06	 6.3.5	8.Old Baldy	Valley	Low	-115.131753	50.892411	107	187	161	113	7.699999809	18.10000038	6.099999905	-5	-4.400000095	4.900000095	-5.800000191	-15.89999962	0.322	-0.0530206	0	0	0	2	0	0	0	2	1	2	1	0	1	1	NA	1	0	1	1	0	0	0	1	0	0	0	0	2	0	0	2
CAL_105502_P001_WD07	 8.1.5	1.Emerald	S	High	-116.540603	51.435322	204	247	137	262	5.099999905	16.89999962	5.5	-6.199999809	-4.800000191	4.300000191	-5.699999809	-15.80000019	0.82	0.0380167	0	0	2	0	2	0	0	0	0	0	2	0	0	NA	0	0	0	0	0	0	0	2	0	0	0	0	0	1	1	1	NA
CAL_105502_P001_WD08	 2.2.9	5.Cascade	Valley	Low	-115.504167	51.248633	108	163	111	102	7	17.79999924	6.099999905	-5.199999809	-4.699999809	4.5	-5.800000191	-16.29999924	0.111	-0.0495131	0	2	0	2	0	2	2	2	1	2	0	0	2	0	2	2	0	0	2	0	0	0	2	NA	NA	NA	NA	2	0	0	2
CAL_105502_P001_WD09	 4.2.1	6.Canmore	S	High	-115.329208	51.050556	98	183	144	88	7.800000191	18.29999924	6.5	-4.800000191	-4.400000095	4.800000191	-5.5	-16	0.121	-0.0684931	2	2	0	2	0	1	1	2	0	2	0	0	2	0	1	2	0	0	1	0	0	0	2	NA	NA	NA	NA	2	0	0	2
CAL_105502_P001_WD10	 9.2.13	2.Cathedral	S	High	-116.327133	51.445664	297	291	200	350	2.200000048	14.30000019	3.299999952	-7.800000191	-5.5	3.700000048	-6.699999809	-16.60000038	0.873	0.036483	NA	NA	NA	NA	NA	0	0	1	NA	0	2	0	0	2	0	0	0	0	1	0	1	NA	0	0	2	2	NA	0	0	1	0
CAL_105502_P001_WD11	 8.1.1	1.Emerald	S	High	-116.540603	51.435322	204	247	137	262	5.099999905	16.89999962	5.5	-6.199999809	-4.800000191	4.300000191	-5.699999809	-15.80000019	0.82	0.0447657	0	0	NA	0	NA	0	0	0	0	NA	NA	0	NA	1	0	0	0	1	2	0	0	0	0	0	1	1	0	0	1	1	0
CAL_105502_P001_WD12	 8.2.1	1.Emerald	N	High	-116.540603	51.435322	204	247	137	262	5.099999905	16.89999962	5.5	-6.199999809	-4.800000191	4.300000191	-5.699999809	-15.80000019	0.82	0.0486753	0	0	2	0	2	0	0	0	0	1	1	0	1	NA	0	0	0	1	1	1	1	0	0	0	1	1	1	0	1	1	0
CAL_105502_P001_WE01	 8.1.13	1.Emerald	S	High	-116.540603	51.435322	204	247	137	262	5.099999905	16.89999962	5.5	-6.199999809	-4.800000191	4.300000191	-5.699999809	-15.80000019	0.82	0.0556864	0	0	2	0	2	0	0	0	0	NA	NA	NA	NA	0	0	0	0	0	1	1	1	0	0	0	NA	NA	NA	0	2	0	0
CAL_105502_P001_WE02	 3.1.13	3.Bell	Valley	Low	-116.024544	51.305969	158	182	118	187	5.699999809	17.60000038	6	-6	-5.099999905	4.199999809	-5.900000095	-17.10000038	0.548	0.0178349	0	0	2	0	2	0	0	1	1	1	1	1	1	1	0	0	1	1	1	0	1	0	1	1	1	1	1	0	2	0	0
CAL_105502_P001_WE03	 8.2.13	1.Emerald	N	High	-116.540603	51.435322	204	247	137	262	5.099999905	16.89999962	5.5	-6.199999809	-4.800000191	4.300000191	-5.699999809	-15.80000019	0.82	0.0533644	0	0	0	2	0	1	0	0	0	NA	2	0	0	2	0	0	0	0	0	NA	NA	NA	0	0	0	0	0	0	1	1	0
CAL_105502_P001_WE04	 2.2.13	5.Cascade	Valley	Low	-115.504167	51.248633	108	163	111	102	7	17.79999924	6.099999905	-5.199999809	-4.699999809	4.5	-5.800000191	-16.29999924	0.111	-0.00799829	0	NA	2	0	2	0	0	0	0	0	1	0	1	1	0	0	0	1	1	1	1	0	0	NA	2	2	2	NA	1	0	0
CAL_105502_P001_WE05	 6.1.13	8.Old Baldy	N	High	-115.131753	50.892411	107	187	161	113	7.699999809	18.10000038	6.099999905	-5	-4.400000095	4.900000095	-5.800000191	-15.89999962	0.322	0.0301861	0	0	0	NA	NA	1	0	2	2	1	1	0	1	1	0	0	0	1	NA	0	0	0	0	0	1	1	0	0	1	0	0
CAL_105502_P001_WE06	 1.1.5	4.Norquay	N	High	-115.586944	51.190178	81	127	89	70	7.400000095	18.39999962	6.599999905	-5	-4.5	4.599999905	-5.5	-16	0.0772	0.0525293	0	0	2	0	2	0	0	0	0	1	1	1	1	1	0	0	1	1	1	1	1	0	0	0	2	2	1	0	1	NA	0
CAL_105502_P001_WE07	 3.1.9	3.Bell	Valley	Low	-116.024544	51.305969	158	182	118	187	5.699999809	17.60000038	6	-6	-5.099999905	4.199999809	-5.900000095	-17.10000038	0.548	-0.00127663	0	0	1	0	1	1	0	0	0	0	1	0	0	1	0	0	0	0	1	1	1	0	0	0	NA	2	1	0	2	0	0
CAL_105502_P001_WE08	 6.3.13	8.Old Baldy	Valley	Low	-115.131753	50.892411	107	187	161	113	7.699999809	18.10000038	6.099999905	-5	-4.400000095	4.900000095	-5.800000191	-15.89999962	0.322	-0.0595898	1	1	1	1	1	1	1	1	1	1	1	0	1	1	1	1	0	1	1	0	0	0	0	0	0	0	0	NA	1	0	1
CAL_105502_P001_WE09	 2.3.1	5.Cascade	S	High	-115.504167	51.248633	108	163	111	102	7	17.79999924	6.099999905	-5.199999809	-4.699999809	4.5	-5.800000191	-16.29999924	0.111	-0.0503529	0	0	1	1	1	0	0	1	0	0	1	0	1	1	0	0	0	1	1	1	1	0	0	0	2	NA	2	NA	1	1	0
CAL_105502_P001_WE10	 1.1.9	4.Norquay	N	High	-115.586944	51.190178	81	127	89	70	7.400000095	18.39999962	6.599999905	-5	-4.5	4.599999905	-5.5	-16	0.0772	0.0453027	0	0	0	2	0	NA	0	1	2	NA	2	0	0	NA	NA	0	0	0	1	1	1	0	0	0	0	NA	NA	NA	1	0	1
CAL_105502_P001_WE11	 8.2.5	1.Emerald	N	High	-116.540603	51.435322	204	247	137	262	5.099999905	16.89999962	5.5	-6.199999809	-4.800000191	4.300000191	-5.699999809	-15.80000019	0.82	0.0533539	0	0	1	1	1	1	1	0	0	0	2	0	0	2	0	0	0	0	0	0	0	2	0	0	0	0	0	2	0	1	1
CAL_105502_P001_WE12	 2.3.14	5.Cascade	S	High	-115.504167	51.248633	108	163	111	102	7	17.79999924	6.099999905	-5.199999809	-4.699999809	4.5	-5.800000191	-16.29999924	0.111	-0.0862102	NA	NA	NA	NA	NA	0	0	0	0	2	0	0	2	0	1	1	0	0	2	0	0	0	2	NA	NA	NA	NA	2	0	1	2
CAL_105502_P001_WF01	 1.2.9	4.Norquay	S	High	-115.586944	51.190178	81	127	89	70	7.400000095	18.39999962	6.599999905	-5	-4.5	4.599999905	-5.5	-16	0.0772	0.0512456	NA	NA	NA	NA	NA	NA	2	NA	NA	NA	2	NA	0	NA	0	0	1	1	1	0	1	NA	0	0	0	0	0	0	1	1	0
CAL_105502_P001_WF02	 7.1.1	7.Yates	S	High	-115.053825	51.038728	118	213	177	93	9.100000381	19.5	7.800000191	-3.599999905	-3.400000095	5.599999905	-4.800000191	-15.10000038	0.0617	-0.0699696	0	1	0	1	0	2	1	1	1	2	0	0	1	1	0	0	0	0	0	0	0	0	0	0	2	0	0	2	0	0	2
CAL_105502_P001_WF03	 1.2.5	4.Norquay	S	High	-115.586944	51.190178	81	127	89	70	7.400000095	18.39999962	6.599999905	-5	-4.5	4.599999905	-5.5	-16	0.0772	0.0228706	0	0	0	2	0	1	1	2	2	2	0	0	2	0	0	0	0	1	1	1	1	1	0	0	2	2	2	0	NA	1	0
CAL_105502_P001_WF04	 3.1.5	3.Bell	Valley	Low	-116.024544	51.305969	158	182	118	187	5.699999809	17.60000038	6	-6	-5.099999905	4.199999809	-5.900000095	-17.10000038	0.548	0.0289443	0	0	2	0	2	0	0	1	0	NA	1	0	1	1	1	1	0	1	1	0	0	1	1	0	0	0	0	1	0	1	1
CAL_105502_P001_WF05	 9.2.5	2.Cathedral	S	High	-116.327133	51.445664	297	291	200	350	2.200000048	14.30000019	3.299999952	-7.800000191	-5.5	3.700000048	-6.699999809	-16.60000038	0.873	0.0543566	NA	NA	0	1	1	1	1	0	0	2	1	0	NA	1	1	1	0	1	1	1	1	0	1	0	1	1	1	1	1	0	1
CAL_105502_P001_WF06	 4.2.5	6.Canmore	S	High	-115.329208	51.050556	98	183	144	88	7.800000191	18.29999924	6.5	-4.800000191	-4.400000095	4.800000191	-5.5	-16	0.121	-0.0562252	NA	2	0	2	0	2	2	2	2	2	NA	NA	NA	0	2	2	0	0	2	0	0	0	2	0	NA	NA	NA	2	0	0	2
CAL_105502_P001_WF07	 6.2.1	8.Old Baldy	S	High	-115.131753	50.892411	107	187	161	113	7.699999809	18.10000038	6.099999905	-5	-4.400000095	4.900000095	-5.800000191	-15.89999962	0.322	0.0471618	0	0	1	0	2	0	0	0	0	0	1	0	NA	1	0	0	0	1	1	1	1	0	0	0	NA	1	NA	0	2	0	0
CAL_105502_P001_WF08	 2.1.1	5.Cascade	N	High	-115.504167	51.248633	108	163	111	102	7	17.79999924	6.099999905	-5.199999809	-4.699999809	4.5	-5.800000191	-16.29999924	0.111	0.0514733	0	0	2	0	2	0	0	0	NA	1	1	1	1	1	0	0	1	1	1	0	1	0	1	1	1	1	1	0	2	0	0
CAL_105502_P001_WF09	 3.1.1	3.Bell	Valley	Low	-116.024544	51.305969	158	182	118	187	5.699999809	17.60000038	6	-6	-5.099999905	4.199999809	-5.900000095	-17.10000038	0.548	-0.0646011	NA	NA	NA	2	0	0	0	2	0	2	0	0	2	NA	1	1	1	1	1	0	1	0	1	0	0	0	0	0	2	0	0
CAL_105502_P001_WF10	 7.3.13	7.Yates	Valley	Low	-115.053825	51.038728	118	213	177	93	9.100000381	19.5	7.800000191	-3.599999905	-3.400000095	5.599999905	-4.800000191	-15.10000038	0.0617	-0.0858792	0	2	0	2	0	2	1	NA	NA	NA	0	0	NA	0	NA	1	0	0	1	0	0	0	NA	0	NA	NA	NA	2	0	0	2
CAL_105502_P001_WF11	 9.3.5	2.Cathedral	N	High	-116.327133	51.445664	297	291	200	350	2.200000048	14.30000019	3.299999952	-7.800000191	-5.5	3.700000048	-6.699999809	-16.60000038	0.873	0.0516666	0	0	1	1	1	1	1	0	0	1	1	1	1	1	0	0	1	1	1	0	1	1	0	0	1	1	1	0	1	0	1
CAL_105502_P001_WF12	 4.3.13	6.Canmore	Valley	Low	-115.329208	51.050556	98	183	144	88	7.800000191	18.29999924	6.5	-4.800000191	-4.400000095	4.800000191	-5.5	-16	0.121	-0.0747017	2	2	0	2	0	2	2	2	2	NA	1	0	1	1	1	1	0	0	1	0	0	0	1	0	0	0	0	2	0	0	2
CAL_105502_P001_WG01	 2.1.5	5.Cascade	N	High	-115.504167	51.248633	108	163	111	102	7	17.79999924	6.099999905	-5.199999809	-4.699999809	4.5	-5.800000191	-16.29999924	0.111	0.0492437	0	0	0	0	2	0	0	0	0	0	1	0	1	1	0	0	1	0	0	0	NA	0	0	0	0	0	0	1	1	0	1
CAL_105502_P001_WG02	 3.3.5	3.Bell	S	High	-116.024544	51.305969	158	182	118	187	5.699999809	17.60000038	6	-6	-5.099999905	4.199999809	-5.900000095	-17.10000038	0.548	-0.00794497	0	2	0	1	NA	1	1	2	2	NA	0	0	2	0	1	1	0	0	2	0	0	0	2	0	0	0	0	2	1	0	NA
CAL_105502_P001_WG03	 4.1.13	6.Canmore	N	High	-115.329208	51.050556	98	183	144	88	7.800000191	18.29999924	6.5	-4.800000191	-4.400000095	4.800000191	-5.5	-16	0.121	0.0154779	NA	NA	NA	NA	NA	2	0	NA	0	2	1	0	1	NA	0	0	0	0	0	0	0	0	0	NA	NA	NA	NA	0	2	0	0
CAL_105502_P001_WG04	 7.1.9	7.Yates	S	High	-115.053825	51.038728	118	213	177	93	9.100000381	19.5	7.800000191	-3.599999905	-3.400000095	5.599999905	-4.800000191	-15.10000038	0.0617	-0.0512001	0	0	2	0	2	1	1	2	2	2	0	0	1	1	1	1	0	1	1	NA	NA	0	1	0	1	1	1	NA	0	0	2
CAL_105502_P001_WG05	 2.1.13	5.Cascade	N	High	-115.504167	51.248633	108	163	111	102	7	17.79999924	6.099999905	-5.199999809	-4.699999809	4.5	-5.800000191	-16.29999924	0.111	0.00871357	2	2	0	2	0	1	1	1	1	NA	0	0	2	0	0	0	0	0	0	0	0	0	0	0	0	0	0	0	2	0	0
CAL_105502_P001_WG06	 3.3.9	3.Bell	S	High	-116.024544	51.305969	158	182	118	187	5.699999809	17.60000038	6	-6	-5.099999905	4.199999809	-5.900000095	-17.10000038	0.548	-0.0420613	NA	NA	NA	2	0	2	2	2	2	NA	0	0	1	0	1	2	0	0	2	0	0	0	NA	0	0	0	0	2	0	0	2
CAL_105502_P001_WG07	 4.1.9	6.Canmore	N	High	-115.329208	51.050556	98	183	144	88	7.800000191	18.29999924	6.5	-4.800000191	-4.400000095	4.800000191	-5.5	-16	0.121	-0.021295	0	2	0	2	0	2	1	NA	1	0	0	0	1	0	1	0	0	1	1	0	0	0	0	0	NA	2	0	2	0	0	2
CAL_105502_P001_WG08	 4.3.9	6.Canmore	Valley	Low	-115.329208	51.050556	98	183	144	88	7.800000191	18.29999924	6.5	-4.800000191	-4.400000095	4.800000191	-5.5	-16	0.121	-0.0900012	2	2	0	2	0	2	2	2	2	0	1	0	1	1	0	0	0	0	1	0	0	0	0	0	0	1	0	2	0	0	2
CAL_105502_P001_WG09	 4.3.1	6.Canmore	Valley	Low	-115.329208	51.050556	98	183	144	88	7.800000191	18.29999924	6.5	-4.800000191	-4.400000095	4.800000191	-5.5	-16	0.121	-0.0273907	2	2	0	2	NA	1	1	1	1	0	2	0	0	2	0	0	0	0	0	0	0	1	0	0	0	0	0	NA	0	0	2
CAL_105502_P001_WG10	 9.3.13	2.Cathedral	N	High	-116.327133	51.445664	297	291	200	350	2.200000048	14.30000019	3.299999952	-7.800000191	-5.5	3.700000048	-6.699999809	-16.60000038	0.873	0.0515348	NA	NA	NA	NA	2	1	1	2	2	1	1	0	1	1	0	0	0	1	1	1	1	0	0	0	NA	NA	NA	0	NA	0	NA
CAL_105502_P001_WG11	 2.1.9	5.Cascade	N	High	-115.504167	51.248633	108	163	111	102	7	17.79999924	6.099999905	-5.199999809	-4.699999809	4.5	-5.800000191	-16.29999924	0.111	0.0504241	NA	NA	0	2	0	2	2	2	2	2	0	0	2	0	2	2	0	0	2	0	0	0	2	0	0	0	0	2	0	0	2
CAL_105502_P001_WG12	 4.3.5	6.Canmore	Valley	Low	-115.329208	51.050556	98	183	144	88	7.800000191	18.29999924	6.5	-4.800000191	-4.400000095	4.800000191	-5.5	-16	0.121	-0.0685904	1	1	1	NA	NA	1	1	1	NA	0	1	0	1	1	1	NA	0	0	1	0	0	1	1	0	0	0	0	NA	0	1	1
CAL_105502_P001_WH01	 1.1.1	4.Norquay	N	High	-115.586944	51.190178	81	127	89	70	7.400000095	18.39999962	6.599999905	-5	-4.5	4.599999905	-5.5	-16	0.0772	0.0477649	NA	NA	NA	NA	2	1	1	1	1	0	2	0	0	NA	0	0	0	1	NA	0	0	0	1	0	0	0	0	2	0	0	2
CAL_105502_P001_WH02	 4.1.5	6.Canmore	N	High	-115.329208	51.050556	98	183	144	88	7.800000191	18.29999924	6.5	-4.800000191	-4.400000095	4.800000191	-5.5	-16	0.121	0.0370632	0	0	0	0	2	0	0	0	0	0	1	0	0	1	0	0	0	0	1	1	1	1	0	0	0	2	0	0	2	0	0
CAL_105502_P001_WH03	 6.3.1	8.Old Baldy	Valley	Low	-115.131753	50.892411	107	187	161	113	7.699999809	18.10000038	6.099999905	-5	-4.400000095	4.900000095	-5.800000191	-15.89999962	0.322	-0.0781089	2	2	0	2	0	2	2	2	2	1	0	0	1	0	1	1	0	0	2	0	0	0	1	0	0	1	0	0	0	1	1
CAL_105502_P001_WH04	 4.2.9	6.Canmore	S	High	-115.329208	51.050556	98	183	144	88	7.800000191	18.29999924	6.5	-4.800000191	-4.400000095	4.800000191	-5.5	-16	0.121	-0.0704613	NA	NA	NA	2	0	1	1	2	2	2	2	0	0	1	0	0	0	0	0	0	0	0	1	0	NA	0	0	NA	0	0	2
CAL_105502_P001_WH05	 1.3.13	4.Norquay	Valley	Low	-115.586944	51.190178	81	127	89	70	7.400000095	18.39999962	6.599999905	-5	-4.5	4.599999905	-5.5	-16	0.0772	-0.0893571	0	1	0	NA	0	2	1	2	2	1	0	0	2	1	1	0	0	0	0	0	0	0	0	NA	NA	NA	NA	2	0	0	2
CAL_105502_P001_WH06	 3.2.5	3.Bell	N	High	-116.024544	51.305969	158	182	118	187	5.699999809	17.60000038	6	-6	-5.099999905	4.199999809	-5.900000095	-17.10000038	0.548	0.049777	0	0	2	0	2	NA	0	0	0	NA	2	0	0	NA	0	0	0	1	1	0	0	2	0	0	0	0	0	NA	2	0	0
CAL_105502_P001_WH07	 6.1.1	8.Old Baldy	N	High	-115.131753	50.892411	107	187	161	113	7.699999809	18.10000038	6.099999905	-5	-4.400000095	4.900000095	-5.800000191	-15.89999962	0.322	0.0391023	0	0	0	0	0	NA	0	2	2	0	2	0	0	2	0	0	0	0	0	1	1	0	0	0	2	2	2	0	2	0	0
CAL_105502_P001_WH08	 3.3.1	3.Bell	S	High	-116.024544	51.305969	158	182	118	187	5.699999809	17.60000038	6	-6	-5.099999905	4.199999809	-5.900000095	-17.10000038	0.548	0.0520954	0	0	2	0	2	1	0	1	1	0	1	0	1	1	0	0	0	0	1	NA	NA	0	0	0	2	2	1	0	2	0	0
CAL_105502_P001_WH09	 8.3.5	1.Emerald	Valley	Low	-116.540603	51.435322	204	247	137	262	5.099999905	16.89999962	5.5	-6.199999809	-4.800000191	4.300000191	-5.699999809	-15.80000019	0.82	0.0311703	0	0	2	0	2	0	0	0	0	0	1	0	1	1	0	0	0	0	1	0	0	1	0	0	0	1	0	0	1	0	1
CAL_105502_P001_WH10	 3.2.9	3.Bell	N	High	-116.024544	51.305969	158	182	118	187	5.699999809	17.60000038	6	-6	-5.099999905	4.199999809	-5.900000095	-17.10000038	0.548	0.056661	0	0	0	2	0	0	0	2	2	0	NA	0	0	1	0	0	1	0	1	0	1	0	0	0	1	NA	1	0	0	2	0
CAL_105502_P001_WH11	 9.1.1	2.Cathedral	Valley	Low	-116.327133	51.445664	297	291	200	350	2.200000048	14.30000019	3.299999952	-7.800000191	-5.5	3.700000048	-6.699999809	-16.60000038	0.873	0.0416478	NA	NA	NA	NA	NA	0	0	1	1	0	2	1	0	NA	0	NA	1	0	1	1	1	0	0	0	1	2	1	0	NA	0	NA
CAL_105502_P001_WH12	 8.3.13	1.Emerald	Valley	Low	-116.540603	51.435322	204	247	137	262	5.099999905	16.89999962	5.5	-6.199999809	-4.800000191	4.300000191	-5.699999809	-15.80000019	0.82	0.0321148	0	0	1	0	2	0	0	0	0	0	2	0	0	2	0	NA	0	0	NA	0	0	1	0	0	0	0	0	0	0	NA	0
CAL_105502_P002_WA01	 9.3.10	2.Cathedral	N	High	-116.327133	51.445664	297	291	200	350	2.200000048	14.30000019	3.299999952	-7.800000191	-5.5	3.700000048	-6.699999809	-16.60000038	0.873	0.0492881	NA	NA	NA	NA	0	2	0	0	0	NA	1	0	1	1	0	0	0	1	1	0	0	0	0	0	0	0	0	1	0	1	1
CAL_105502_P002_WA02	 7.2.6	7.Yates	N	High	-115.053825	51.038728	118	213	177	93	9.100000381	19.5	7.800000191	-3.599999905	-3.400000095	5.599999905	-4.800000191	-15.10000038	0.0617	-0.0026709	0	0	0	0	0	2	0	2	2	0	1	0	0	1	0	0	0	0	0	0	0	1	0	0	0	0	0	NA	0	1	NA
CAL_105502_P002_WA03	 9.3.6	2.Cathedral	N	High	-116.327133	51.445664	297	291	200	350	2.200000048	14.30000019	3.299999952	-7.800000191	-5.5	3.700000048	-6.699999809	-16.60000038	0.873	0.0426758	NA	NA	NA	0	2	0	0	0	0	NA	2	0	1	1	0	0	0	1	1	1	1	1	0	0	0	0	NA	0	2	0	0
CAL_105502_P002_WA04	 9.2.6	2.Cathedral	S	High	-116.327133	51.445664	297	291	200	350	2.200000048	14.30000019	3.299999952	-7.800000191	-5.5	3.700000048	-6.699999809	-16.60000038	0.873	0.0198327	0	0	2	0	2	0	0	0	0	0	0	0	1	0	0	0	0	0	NA	0	0	0	0	0	0	0	0	1	1	0	0
CAL_105502_P002_WA05	 1.1.2	4.Norquay	N	High	-115.586944	51.190178	81	127	89	70	7.400000095	18.39999962	6.599999905	-5	-4.5	4.599999905	-5.5	-16	0.0772	0.0418985	NA	NA	NA	NA	NA	1	1	2	2	NA	0	0	2	0	2	1	0	0	2	0	0	0	1	0	0	1	0	0	1	0	1
CAL_105502_P002_WA06	 8.2.2	1.Emerald	N	High	-116.540603	51.435322	204	247	137	262	5.099999905	16.89999962	5.5	-6.199999809	-4.800000191	4.300000191	-5.699999809	-15.80000019	0.82	0.0558073	0	0	2	0	2	0	0	1	1	NA	1	0	1	1	0	0	0	1	1	1	1	0	1	2	0	0	0	0	2	0	0
CAL_105502_P002_WA07	 9.3.2	2.Cathedral	N	High	-116.327133	51.445664	297	291	200	350	2.200000048	14.30000019	3.299999952	-7.800000191	-5.5	3.700000048	-6.699999809	-16.60000038	0.873	0.0323477	NA	NA	NA	0	0	2	1	1	1	0	1	0	1	1	0	0	0	0	1	0	0	0	0	0	0	0	0	1	1	0	1
CAL_105502_P002_WA08	 7.2.3	7.Yates	N	High	-115.053825	51.038728	118	213	177	93	9.100000381	19.5	7.800000191	-3.599999905	-3.400000095	5.599999905	-4.800000191	-15.10000038	0.0617	0.0233789	0	0	0	2	0	2	1	2	2	2	1	1	1	1	0	0	1	1	1	1	1	0	0	NA	0	0	0	0	2	0	0
CAL_105502_P002_WA09	 4.2.10	6.Canmore	S	High	-115.329208	51.050556	98	183	144	88	7.800000191	18.29999924	6.5	-4.800000191	-4.400000095	4.800000191	-5.5	-16	0.121	-0.0801998	0	2	0	NA	NA	1	1	1	1	0	0	0	1	0	1	1	0	0	2	0	0	0	1	0	0	1	0	1	0	1	1
CAL_105502_P002_WA10	 3.1.6	3.Bell	Valley	Low	-116.024544	51.305969	158	182	118	187	5.699999809	17.60000038	6	-6	-5.099999905	4.199999809	-5.900000095	-17.10000038	0.548	-0.0493687	0	2	0	2	0	2	2	2	2	2	0	0	2	0	2	2	0	0	2	0	0	0	2	0	0	0	0	1	0	0	2
CAL_105502_P002_WA11	 4.2.6	6.Canmore	S	High	-115.329208	51.050556	98	183	144	88	7.800000191	18.29999924	6.5	-4.800000191	-4.400000095	4.800000191	-5.5	-16	0.121	-0.0544194	0	0	1	0	1	1	0	0	0	2	0	0	2	0	1	0	0	0	1	0	0	0	1	0	0	0	0	NA	2	0	1
CAL_105502_P002_WA12	 6.2.14	8.Old Baldy	S	High	-115.131753	50.892411	107	187	161	113	7.699999809	18.10000038	6.099999905	-5	-4.400000095	4.900000095	-5.800000191	-15.89999962	0.322	0.0516517	0	0	0	0	0	NA	0	NA	NA	2	1	1	1	1	0	0	NA	1	1	0	1	0	0	0	1	1	0	0	1	1	0
CAL_105502_P002_WB01	 8.1.10	1.Emerald	S	High	-116.540603	51.435322	204	247	137	262	5.099999905	16.89999962	5.5	-6.199999809	-4.800000191	4.300000191	-5.699999809	-15.80000019	0.82	0.0572846	0	0	2	0	2	0	0	0	0	NA	1	0	1	1	0	0	0	0	1	0	0	1	0	0	0	2	0	0	0	2	0
CAL_105502_P002_WB02	 8.2.6	1.Emerald	N	High	-116.540603	51.435322	204	247	137	262	5.099999905	16.89999962	5.5	-6.199999809	-4.800000191	4.300000191	-5.699999809	-15.80000019	0.82	0.0494578	0	0	1	1	1	0	0	1	1	0	2	0	0	2	0	0	0	0	0	1	1	1	0	0	0	0	0	0	1	1	0
CAL_105502_P002_WB03	 7.2.19	7.Yates	N	High	-115.053825	51.038728	118	213	177	93	9.100000381	19.5	7.800000191	-3.599999905	-3.400000095	5.599999905	-4.800000191	-15.10000038	0.0617	-0.0242152	0	0	1	0	1	1	0	1	0	1	1	0	1	NA	0	0	0	1	0	1	1	0	0	0	1	1	1	NA	0	2	0
CAL_105502_P002_WB04	 4.2.14	6.Canmore	S	High	-115.329208	51.050556	98	183	144	88	7.800000191	18.29999924	6.5	-4.800000191	-4.400000095	4.800000191	-5.5	-16	0.121	-0.058104	NA	NA	NA	NA	NA	1	1	NA	NA	0	2	0	0	1	1	1	0	0	1	0	0	0	1	0	0	1	0	2	0	0	2
CAL_105502_P002_WB05	 8.3.6	1.Emerald	Valley	Low	-116.540603	51.435322	204	247	137	262	5.099999905	16.89999962	5.5	-6.199999809	-4.800000191	4.300000191	-5.699999809	-15.80000019	0.82	0.0273466	NA	NA	NA	NA	NA	0	0	2	2	0	1	NA	NA	1	0	0	1	NA	NA	0	0	0	0	0	0	0	0	2	0	NA	NA
CAL_105502_P002_WB06	 9.1.2	2.Cathedral	Valley	Low	-116.327133	51.445664	297	291	200	350	2.200000048	14.30000019	3.299999952	-7.800000191	-5.5	3.700000048	-6.699999809	-16.60000038	0.873	0.0355897	0	0	1	0	2	0	0	0	0	0	2	0	0	2	0	0	0	0	0	0	1	1	0	0	0	0	0	1	0	1	NA
CAL_105502_P002_WB07	 8.3.10	1.Emerald	Valley	Low	-116.540603	51.435322	204	247	137	262	5.099999905	16.89999962	5.5	-6.199999809	-4.800000191	4.300000191	-5.699999809	-15.80000019	0.82	0.0177809	0	1	0	1	NA	1	1	1	0	NA	NA	0	1	1	1	2	0	0	1	0	0	1	1	0	NA	NA	NA	1	0	0	2
CAL_105502_P002_WB08	 7.1.6	7.Yates	S	High	-115.053825	51.038728	118	213	177	93	9.100000381	19.5	7.800000191	-3.599999905	-3.400000095	5.599999905	-4.800000191	-15.10000038	0.0617	-0.0950025	NA	NA	NA	NA	NA	2	1	1	1	1	1	0	1	1	0	0	0	NA	NA	0	0	0	0	0	1	0	0	2	0	0	2
CAL_105502_P002_WB09	 1.1.10	4.Norquay	N	High	-115.586944	51.190178	81	127	89	70	7.400000095	18.39999962	6.599999905	-5	-4.5	4.599999905	-5.5	-16	0.0772	0.0524087	0	0	0	0	0	2	0	0	0	2	0	0	2	0	0	0	0	0	2	0	0	0	0	0	0	0	0	0	2	0	0
CAL_105502_P002_WB10	 9.2.14	2.Cathedral	S	High	-116.327133	51.445664	297	291	200	350	2.200000048	14.30000019	3.299999952	-7.800000191	-5.5	3.700000048	-6.699999809	-16.60000038	0.873	0.0405201	0	0	2	0	1	1	0	0	0	0	2	0	NA	1	0	0	0	0	0	0	0	1	0	0	0	0	0	0	1	0	1
CAL_105502_P002_WB11	 8.3.14	1.Emerald	Valley	Low	-116.540603	51.435322	204	247	137	262	5.099999905	16.89999962	5.5	-6.199999809	-4.800000191	4.300000191	-5.699999809	-15.80000019	0.82	0.018288	0	0	0	2	0	NA	NA	1	1	NA	1	0	1	1	NA	0	0	1	1	1	1	0	0	0	2	2	2	0	2	0	0
CAL_105502_P002_WB12	 7.1.2	7.Yates	S	High	-115.053825	51.038728	118	213	177	93	9.100000381	19.5	7.800000191	-3.599999905	-3.400000095	5.599999905	-4.800000191	-15.10000038	0.0617	-0.0189777	0	1	1	1	1	NA	NA	1	2	0	1	0	1	1	1	1	0	0	1	0	0	0	2	0	0	0	0	0	0	0	1
CAL_105502_P002_WC01	 4.3.10	6.Canmore	Valley	Low	-115.329208	51.050556	98	183	144	88	7.800000191	18.29999924	6.5	-4.800000191	-4.400000095	4.800000191	-5.5	-16	0.121	-0.0905728	2	2	0	2	0	NA	NA	1	1	2	0	0	2	0	1	1	0	0	1	0	0	0	1	0	0	0	0	2	0	0	2
CAL_105502_P002_WC02	 9.1.6	2.Cathedral	Valley	Low	-116.327133	51.445664	297	291	200	350	2.200000048	14.30000019	3.299999952	-7.800000191	-5.5	3.700000048	-6.699999809	-16.60000038	0.873	0.0392277	NA	0	0	2	0	2	0	1	2	NA	NA	NA	NA	2	0	0	0	0	0	0	0	0	0	0	0	0	0	0	NA	1	0
CAL_105502_P002_WC03	 1.3.6	4.Norquay	Valley	Low	-115.586944	51.190178	81	127	89	70	7.400000095	18.39999962	6.599999905	-5	-4.5	4.599999905	-5.5	-16	0.0772	-0.0687766	2	2	1	1	1	2	1	0	0	1	1	0	1	1	1	1	0	0	1	0	0	1	NA	0	0	NA	0	0	1	0	1
CAL_105502_P002_WC04	 9.3.14	2.Cathedral	N	High	-116.327133	51.445664	297	291	200	350	2.200000048	14.30000019	3.299999952	-7.800000191	-5.5	3.700000048	-6.699999809	-16.60000038	0.873	0.0504377	NA	NA	NA	0	2	0	0	0	0	0	2	0	0	2	0	0	0	0	0	1	1	1	0	0	0	0	0	0	2	0	0
CAL_105502_P002_WC05	 2.1.10	5.Cascade	N	High	-115.504167	51.248633	108	163	111	102	7	17.79999924	6.099999905	-5.199999809	-4.699999809	4.5	-5.800000191	-16.29999924	0.111	0.0420845	0	0	1	1	1	1	0	NA	1	0	NA	0	0	NA	0	0	0	0	1	1	1	0	0	0	1	2	1	0	2	0	0
CAL_105502_P002_WC06	 4.3.6	6.Canmore	Valley	Low	-115.329208	51.050556	98	183	144	88	7.800000191	18.29999924	6.5	-4.800000191	-4.400000095	4.800000191	-5.5	-16	0.121	-0.0842266	1	1	1	1	1	1	1	1	1	1	NA	0	1	1	NA	1	0	1	1	1	1	0	1	0	NA	1	1	1	1	0	1
CAL_105502_P002_WC07	 1.2.14	4.Norquay	S	High	-115.586944	51.190178	81	127	89	70	7.400000095	18.39999962	6.599999905	-5	-4.5	4.599999905	-5.5	-16	0.0772	0.0117942	NA	NA	NA	2	1	1	1	1	NA	1	1	0	1	1	1	1	0	1	NA	0	0	0	1	0	0	0	0	NA	1	0	1
CAL_105502_P002_WC08	 9.2.10	2.Cathedral	S	High	-116.327133	51.445664	297	291	200	350	2.200000048	14.30000019	3.299999952	-7.800000191	-5.5	3.700000048	-6.699999809	-16.60000038	0.873	0.0353543	0	0	2	0	2	0	0	0	0	1	1	0	1	1	0	0	0	1	1	1	1	0	0	0	1	1	1	0	2	0	0
CAL_105502_P002_WC09	 1.3.10	4.Norquay	Valley	Low	-115.586944	51.190178	81	127	89	70	7.400000095	18.39999962	6.599999905	-5	-4.5	4.599999905	-5.5	-16	0.0772	-0.0813437	0	0	1	1	1	0	0	1	0	0	1	0	1	1	0	0	0	0	NA	NA	1	0	0	0	0	0	0	0	1	0	1
CAL_105502_P002_WC10	 2.2.2	5.Cascade	Valley	Low	-115.504167	51.248633	108	163	111	102	7	17.79999924	6.099999905	-5.199999809	-4.699999809	4.5	-5.800000191	-16.29999924	0.111	-0.0863012	NA	NA	NA	2	0	1	0	1	1	0	0	1	1	1	1	0	1	1	1	0	1	0	0	0	1	1	1	0	2	0	1
CAL_105502_P002_WC11	 4.3.2	6.Canmore	Valley	Low	-115.329208	51.050556	98	183	144	88	7.800000191	18.29999924	6.5	-4.800000191	-4.400000095	4.800000191	-5.5	-16	0.121	-0.0965667	0	2	0	2	0	2	2	2	2	2	0	0	0	0	0	0	0	0	1	0	0	0	1	0	0	0	0	2	0	0	2
CAL_105502_P002_WC12	 2.1.6	5.Cascade	N	High	-115.504167	51.248633	108	163	111	102	7	17.79999924	6.099999905	-5.199999809	-4.699999809	4.5	-5.800000191	-16.29999924	0.111	0.0451857	NA	NA	NA	2	0	2	2	2	2	2	1	0	1	1	0	0	0	1	1	1	1	0	0	0	1	0	0	2	1	0	1
CAL_105502_P002_WD01	 3.1.2	3.Bell	Valley	Low	-116.024544	51.305969	158	182	118	187	5.699999809	17.60000038	6	-6	-5.099999905	4.199999809	-5.900000095	-17.10000038	0.548	-0.0231166	0	0	1	1	1	1	1	1	1	NA	2	0	1	1	NA	NA	0	0	1	0	0	1	0	0	0	0	0	1	0	1	1
CAL_105502_P002_WD02	 8.1.14	1.Emerald	S	High	-116.540603	51.435322	204	247	137	262	5.099999905	16.89999962	5.5	-6.199999809	-4.800000191	4.300000191	-5.699999809	-15.80000019	0.82	0.0523911	1	1	1	NA	1	1	0	1	1	1	1	0	1	1	0	0	1	1	1	0	1	0	0	0	1	1	1	1	1	0	1
CAL_105502_P002_WD03	 9.1.10	2.Cathedral	Valley	Low	-116.327133	51.445664	297	291	200	350	2.200000048	14.30000019	3.299999952	-7.800000191	-5.5	3.700000048	-6.699999809	-16.60000038	0.873	0.0164478	0	0	2	0	2	0	0	0	0	2	0	0	1	0	0	0	0	0	1	0	0	0	0	0	0	1	0	1	1	0	1
CAL_105502_P002_WD04	 2.3.7	5.Cascade	S	High	-115.504167	51.248633	108	163	111	102	7	17.79999924	6.099999905	-5.199999809	-4.699999809	4.5	-5.800000191	-16.29999924	0.111	-0.0313124	NA	NA	NA	NA	NA	2	2	2	2	2	NA	NA	1	1	0	0	0	0	0	0	0	0	0	0	1	NA	1	1	2	0	0
CAL_105502_P002_WD05	 2.3.15	5.Cascade	S	High	-115.504167	51.248633	108	163	111	102	7	17.79999924	6.099999905	-5.199999809	-4.699999809	4.5	-5.800000191	-16.29999924	0.111	-0.0544421	1	1	1	1	1	1	1	2	2	NA	NA	0	NA	0	0	0	0	1	1	1	1	0	0	NA	0	0	0	2	1	0	1
CAL_105502_P002_WD06	 6.2.6	8.Old Baldy	S	High	-115.131753	50.892411	107	187	161	113	7.699999809	18.10000038	6.099999905	-5	-4.400000095	4.900000095	-5.800000191	-15.89999962	0.322	0.0450147	NA	NA	2	0	2	0	0	NA	NA	0	2	0	0	1	0	0	0	1	1	1	1	1	0	0	NA	1	1	0	0	2	0
CAL_105502_P002_WD07	 7.3.2	7.Yates	Valley	Low	-115.053825	51.038728	118	213	177	93	9.100000381	19.5	7.800000191	-3.599999905	-3.400000095	5.599999905	-4.800000191	-15.10000038	0.0617	-0.0485243	0	0	0	0	0	2	1	NA	1	2	1	0	1	1	1	1	0	NA	1	0	0	0	1	0	0	0	0	2	0	0	2
CAL_105502_P002_WD08	 2.3.3	5.Cascade	S	High	-115.504167	51.248633	108	163	111	102	7	17.79999924	6.099999905	-5.199999809	-4.699999809	4.5	-5.800000191	-16.29999924	0.111	-0.0549379	1	1	0	2	0	1	1	2	2	1	1	0	1	NA	NA	1	0	1	1	0	0	0	1	0	0	0	0	2	0	0	2
CAL_105502_P002_WD09	 1.2.6	4.Norquay	S	High	-115.586944	51.190178	81	127	89	70	7.400000095	18.39999962	6.599999905	-5	-4.5	4.599999905	-5.5	-16	0.0772	0.0292181	0	0	2	0	2	0	0	0	0	0	1	0	1	1	0	0	0	0	0	1	1	0	0	0	0	0	0	0	2	0	0
CAL_105502_P002_WD10	 6.2.2	8.Old Baldy	S	High	-115.131753	50.892411	107	187	161	113	7.699999809	18.10000038	6.099999905	-5	-4.400000095	4.900000095	-5.800000191	-15.89999962	0.322	0.0329106	0	0	2	0	2	0	0	0	0	NA	1	0	1	1	0	0	0	1	1	1	1	0	0	0	1	1	1	0	2	0	0
CAL_105502_P002_WD11	 7.3.6	7.Yates	Valley	Low	-115.053825	51.038728	118	213	177	93	9.100000381	19.5	7.800000191	-3.599999905	-3.400000095	5.599999905	-4.800000191	-15.10000038	0.0617	-0.0742917	NA	NA	0	2	0	2	1	2	NA	1	0	0	1	1	0	0	0	0	0	0	0	0	0	NA	NA	NA	NA	1	1	0	1
CAL_105502_P002_WD12	 2.3.11	5.Cascade	S	High	-115.504167	51.248633	108	163	111	102	7	17.79999924	6.099999905	-5.199999809	-4.699999809	4.5	-5.800000191	-16.29999924	0.111	-0.00457876	2	2	0	2	0	2	2	2	2	2	0	0	2	0	NA	1	0	0	NA	2	2	0	0	0	2	2	2	2	0	0	2
CAL_105502_P002_WE01	 9.1.14	2.Cathedral	Valley	Low	-116.327133	51.445664	297	291	200	350	2.200000048	14.30000019	3.299999952	-7.800000191	-5.5	3.700000048	-6.699999809	-16.60000038	0.873	0.0463125	NA	NA	NA	0	0	1	0	0	0	0	2	0	0	2	0	0	0	0	NA	NA	NA	0	0	NA	NA	NA	NA	0	1	1	0
CAL_105502_P002_WE02	 1.1.6	4.Norquay	N	High	-115.586944	51.190178	81	127	89	70	7.400000095	18.39999962	6.599999905	-5	-4.5	4.599999905	-5.5	-16	0.0772	0.0333044	0	0	2	0	2	0	0	0	0	2	0	0	NA	0	1	1	0	0	2	0	0	0	1	0	0	1	0	0	2	0	0
CAL_105502_P002_WE03	 2.1.14	5.Cascade	N	High	-115.504167	51.248633	108	163	111	102	7	17.79999924	6.099999905	-5.199999809	-4.699999809	4.5	-5.800000191	-16.29999924	0.111	0.0313038	0	0	2	1	1	0	0	1	1	1	1	1	1	1	0	0	1	1	1	0	0	1	0	0	1	1	1	0	1	1	0
CAL_105502_P002_WE04	 4.1.14	6.Canmore	N	High	-115.329208	51.050556	98	183	144	88	7.800000191	18.29999924	6.5	-4.800000191	-4.400000095	4.800000191	-5.5	-16	0.121	-0.0310222	1	1	1	1	1	1	1	1	1	0	2	0	0	NA	0	0	0	1	1	0	0	0	0	0	0	0	0	0	0	1	1
CAL_105502_P002_WE05	 7.1.14	7.Yates	S	High	-115.053825	51.038728	118	213	177	93	9.100000381	19.5	7.800000191	-3.599999905	-3.400000095	5.599999905	-4.800000191	-15.10000038	0.0617	-0.0680156	NA	NA	NA	NA	NA	NA	NA	2	2	1	1	0	1	1	1	NA	NA	0	1	NA	1	0	1	0	NA	NA	NA	2	0	0	NA
CAL_105502_P002_WE06	 1.1.14	4.Norquay	N	High	-115.586944	51.190178	81	127	89	70	7.400000095	18.39999962	6.599999905	-5	-4.5	4.599999905	-5.5	-16	0.0772	0.0423244	0	0	2	0	2	0	0	0	0	1	1	1	1	1	0	0	1	1	1	0	1	0	0	0	1	1	1	0	2	0	0
CAL_105502_P002_WE08	 4.2.2	6.Canmore	S	High	-115.329208	51.050556	98	183	144	88	7.800000191	18.29999924	6.5	-4.800000191	-4.400000095	4.800000191	-5.5	-16	0.121	-0.00620892	0	0	2	0	2	0	0	0	0	NA	2	0	0	2	0	0	0	0	0	0	0	1	0	0	0	0	0	0	2	0	0
CAL_105502_P002_WE09	 4.1.10	6.Canmore	N	High	-115.329208	51.050556	98	183	144	88	7.800000191	18.29999924	6.5	-4.800000191	-4.400000095	4.800000191	-5.5	-16	0.121	0.0165149	0	0	NA	0	1	1	0	1	0	0	2	0	0	2	0	0	0	0	0	1	1	1	0	0	NA	NA	NA	0	2	0	0
CAL_105502_P002_WE10	 3.2.10	3.Bell	N	High	-116.024544	51.305969	158	182	118	187	5.699999809	17.60000038	6	-6	-5.099999905	4.199999809	-5.900000095	-17.10000038	0.548	0.0572705	0	0	0	NA	NA	NA	0	2	2	0	1	0	1	1	0	0	0	1	1	1	1	1	0	0	0	0	0	0	2	0	0
CAL_105502_P002_WE11	 1.2.10	4.Norquay	S	High	-115.586944	51.190178	81	127	89	70	7.400000095	18.39999962	6.599999905	-5	-4.5	4.599999905	-5.5	-16	0.0772	0.0323281	0	0	1	NA	1	1	1	1	1	1	NA	1	1	1	0	0	NA	1	1	0	1	0	1	1	0	1	0	0	2	0	0
CAL_105502_P002_WE12	 3.1.14	3.Bell	Valley	Low	-116.024544	51.305969	158	182	118	187	5.699999809	17.60000038	6	-6	-5.099999905	4.199999809	-5.900000095	-17.10000038	0.548	0.00312408	NA	NA	NA	0	2	0	0	1	0	0	1	0	1	1	0	0	0	1	1	1	1	0	0	0	0	0	0	0	2	0	0
CAL_105502_P002_WF01	 2.2.14	5.Cascade	Valley	Low	-115.504167	51.248633	108	163	111	102	7	17.79999924	6.099999905	-5.199999809	-4.699999809	4.5	-5.800000191	-16.29999924	0.111	-0.0877578	1	2	0	2	0	0	0	2	2	2	1	0	1	NA	NA	1	0	1	2	0	0	0	1	0	1	2	1	1	0	1	1
CAL_105502_P002_WF02	 7.3.14	7.Yates	Valley	Low	-115.053825	51.038728	118	213	177	93	9.100000381	19.5	7.800000191	-3.599999905	-3.400000095	5.599999905	-4.800000191	-15.10000038	0.0617	-0.0789584	0	2	0	2	0	1	1	2	2	1	1	0	0	1	1	1	0	NA	1	0	0	0	1	0	NA	NA	NA	NA	0	0	2
CAL_105502_P002_WF03	 6.1.10	8.Old Baldy	N	High	-115.131753	50.892411	107	187	161	113	7.699999809	18.10000038	6.099999905	-5	-4.400000095	4.900000095	-5.800000191	-15.89999962	0.322	0.0534291	0	0	0	0	2	0	0	2	2	NA	2	1	0	2	0	0	1	0	0	0	1	1	0	0	1	1	1	NA	1	1	0
CAL_105502_P002_WF04	 7.2.2	7.Yates	N	High	-115.053825	51.038728	118	213	177	93	9.100000381	19.5	7.800000191	-3.599999905	-3.400000095	5.599999905	-4.800000191	-15.10000038	0.0617	0.0343794	0	0	0	2	0	0	0	1	0	1	NA	0	NA	1	0	0	0	1	1	2	2	0	0	0	1	1	1	0	2	0	0
CAL_105502_P002_WF05	 6.1.6	8.Old Baldy	N	High	-115.131753	50.892411	107	187	161	113	7.699999809	18.10000038	6.099999905	-5	-4.400000095	4.900000095	-5.800000191	-15.89999962	0.322	0.0477058	0	0	2	0	2	0	0	0	0	2	NA	0	1	1	0	0	0	0	0	0	0	NA	0	0	0	0	0	0	0	2	0
CAL_105502_P002_WF06	 7.3.10	7.Yates	Valley	Low	-115.053825	51.038728	118	213	177	93	9.100000381	19.5	7.800000191	-3.599999905	-3.400000095	5.599999905	-4.800000191	-15.10000038	0.0617	-0.0816823	0	0	0	0	0	2	1	1	2	NA	0	NA	NA	1	0	0	1	NA	1	0	1	0	0	0	1	1	1	0	NA	0	1
CAL_105502_P002_WF07	 6.1.14	8.Old Baldy	N	High	-115.131753	50.892411	107	187	161	113	7.699999809	18.10000038	6.099999905	-5	-4.400000095	4.900000095	-5.800000191	-15.89999962	0.322	0.0295592	0	0	2	0	2	0	0	0	0	1	0	0	2	0	0	0	0	0	NA	0	0	0	0	0	0	0	0	0	1	1	0
CAL_105502_P002_WF08	 2.2.6	5.Cascade	Valley	Low	-115.504167	51.248633	108	163	111	102	7	17.79999924	6.099999905	-5.199999809	-4.699999809	4.5	-5.800000191	-16.29999924	0.111	-0.0607705	0	0	2	0	2	0	0	0	0	2	1	0	1	NA	1	NA	0	0	0	0	0	0	2	0	0	0	0	NA	0	0	2
CAL_105502_P002_WF09	 7.1.10	7.Yates	S	High	-115.053825	51.038728	118	213	177	93	9.100000381	19.5	7.800000191	-3.599999905	-3.400000095	5.599999905	-4.800000191	-15.10000038	0.0617	-0.0421617	0	0	2	0	2	0	0	1	2	NA	2	0	0	2	0	0	0	0	0	0	0	0	0	0	0	0	0	NA	0	0	2
CAL_105502_P002_WF10	 8.3.2	1.Emerald	Valley	Low	-116.540603	51.435322	204	247	137	262	5.099999905	16.89999962	5.5	-6.199999809	-4.800000191	4.300000191	-5.699999809	-15.80000019	0.82	0.0154112	0	0	0	0	2	0	0	2	2	0	1	0	1	1	0	0	0	0	1	0	0	0	0	0	0	0	0	0	0	1	1
CAL_105502_P002_WF11	 6.2.10	8.Old Baldy	S	High	-115.131753	50.892411	107	187	161	113	7.699999809	18.10000038	6.099999905	-5	-4.400000095	4.900000095	-5.800000191	-15.89999962	0.322	0.029489	NA	NA	NA	2	0	0	0	NA	NA	NA	2	1	0	1	1	1	1	0	1	0	1	0	1	0	1	1	1	NA	1	0	1
CAL_105502_P002_WF12	 2.2.10	5.Cascade	Valley	Low	-115.504167	51.248633	108	163	111	102	7	17.79999924	6.099999905	-5.199999809	-4.699999809	4.5	-5.800000191	-16.29999924	0.111	-0.075782	0	0	0	0	1	1	0	0	NA	NA	0	0	NA	0	1	1	0	0	2	0	0	0	1	0	0	0	0	0	0	2	0
CAL_105502_P002_WG01	 8.2.10	1.Emerald	N	High	-116.540603	51.435322	204	247	137	262	5.099999905	16.89999962	5.5	-6.199999809	-4.800000191	4.300000191	-5.699999809	-15.80000019	0.82	0.0493649	NA	NA	0	2	0	0	0	NA	NA	0	0	0	2	1	0	0	0	0	0	1	1	0	0	0	2	2	2	0	1	1	0
CAL_105502_P002_WG02	 8.1.2	1.Emerald	S	High	-116.540603	51.435322	204	247	137	262	5.099999905	16.89999962	5.5	-6.199999809	-4.800000191	4.300000191	-5.699999809	-15.80000019	0.82	0.0238371	0	0	1	0	2	0	0	0	0	1	2	0	1	1	0	0	NA	1	NA	1	1	0	0	0	0	0	0	1	1	0	1
CAL_105502_P002_WG03	 3.3.14	3.Bell	S	High	-116.024544	51.305969	158	182	118	187	5.699999809	17.60000038	6	-6	-5.099999905	4.199999809	-5.900000095	-17.10000038	0.548	0.0195066	NA	NA	NA	2	0	1	1	2	2	0	2	0	1	1	1	1	0	0	1	0	0	0	0	0	0	2	0	NA	0	0	2
CAL_105502_P002_WG04	 8.1.6	1.Emerald	S	High	-116.540603	51.435322	204	247	137	262	5.099999905	16.89999962	5.5	-6.199999809	-4.800000191	4.300000191	-5.699999809	-15.80000019	0.82	0.0455498	0	0	0	0	2	0	0	NA	0	NA	1	0	1	1	0	0	0	0	1	0	0	1	0	0	0	0	0	0	1	0	0
CAL_105502_P002_WG05	 1.2.2	4.Norquay	S	High	-115.586944	51.190178	81	127	89	70	7.400000095	18.39999962	6.599999905	-5	-4.5	4.599999905	-5.5	-16	0.0772	0.0277469	0	1	1	1	1	NA	NA	0	0	2	0	0	2	0	1	0	0	0	0	0	0	0	0	0	0	0	0	0	1	0	1
CAL_105502_P002_WG06	 3.3.6	3.Bell	S	High	-116.024544	51.305969	158	182	118	187	5.699999809	17.60000038	6	-6	-5.099999905	4.199999809	-5.900000095	-17.10000038	0.548	-0.0553164	2	2	0	2	0	2	2	2	2	2	0	0	2	1	0	0	0	0	0	1	1	0	0	0	1	1	1	2	0	0	2
CAL_105502_P002_WG07	 1.3.14	4.Norquay	Valley	Low	-115.586944	51.190178	81	127	89	70	7.400000095	18.39999962	6.599999905	-5	-4.5	4.599999905	-5.5	-16	0.0772	-0.0905836	NA	NA	NA	NA	NA	1	1	1	1	NA	0	0	2	0	1	1	0	0	2	0	0	0	2	0	0	0	0	1	1	0	1
CAL_105502_P002_WG08	 3.2.14	3.Bell	N	High	-116.024544	51.305969	158	182	118	187	5.699999809	17.60000038	6	-6	-5.099999905	4.199999809	-5.900000095	-17.10000038	0.548	0.0503284	NA	NA	NA	NA	NA	0	0	0	0	NA	1	0	NA	1	0	0	0	0	1	0	0	1	1	2	0	0	0	0	1	1	0
CAL_105502_P002_WG09	 3.3.10	3.Bell	S	High	-116.024544	51.305969	158	182	118	187	5.699999809	17.60000038	6	-6	-5.099999905	4.199999809	-5.900000095	-17.10000038	0.548	0.0262356	0	2	0	1	1	1	1	1	0	0	1	0	1	1	0	0	0	1	NA	0	0	NA	0	0	1	2	2	1	0	0	2
CAL_105502_P002_WG10	 2.1.2	5.Cascade	N	High	-115.504167	51.248633	108	163	111	102	7	17.79999924	6.099999905	-5.199999809	-4.699999809	4.5	-5.800000191	-16.29999924	0.111	0.0469419	NA	NA	NA	NA	NA	0	0	0	0	1	0	0	1	0	1	0	0	0	1	0	0	0	NA	0	0	1	0	0	2	0	0
CAL_105502_P002_WG11	 3.3.2	3.Bell	S	High	-116.024544	51.305969	158	182	118	187	5.699999809	17.60000038	6	-6	-5.099999905	4.199999809	-5.900000095	-17.10000038	0.548	-0.0136101	0	1	1	1	1	1	1	2	2	0	1	0	NA	NA	NA	1	0	1	1	0	1	0	1	0	0	0	0	0	0	0	1
CAL_105502_P002_WG12	 6.3.14	8.Old Baldy	Valley	Low	-115.131753	50.892411	107	187	161	113	7.699999809	18.10000038	6.099999905	-5	-4.400000095	4.900000095	-5.800000191	-15.89999962	0.322	-0.0546864	0	0	1	1	1	0	0	1	1	0	1	0	1	1	1	2	0	0	2	0	0	0	2	0	0	0	0	2	0	0	2
CAL_105502_P002_WH01	 1.3.2	4.Norquay	Valley	Low	-115.586944	51.190178	81	127	89	70	7.400000095	18.39999962	6.599999905	-5	-4.5	4.599999905	-5.5	-16	0.0772	-0.0895628	2	2	NA	NA	NA	2	2	1	1	2	0	0	2	0	2	2	0	0	2	0	0	0	2	0	0	0	0	1	0	1	1
CAL_105502_P002_WH02	 9.2.2	2.Cathedral	S	High	-116.327133	51.445664	297	291	200	350	2.200000048	14.30000019	3.299999952	-7.800000191	-5.5	3.700000048	-6.699999809	-16.60000038	0.873	0.0496743	NA	NA	NA	NA	NA	0	0	NA	0	0	2	0	NA	1	0	0	0	1	1	1	1	0	NA	NA	NA	1	1	0	2	0	0
CAL_105502_P002_WH03	 3.2.6	3.Bell	N	High	-116.024544	51.305969	158	182	118	187	5.699999809	17.60000038	6	-6	-5.099999905	4.199999809	-5.900000095	-17.10000038	0.548	0.0486967	0	0	2	0	2	0	0	0	0	1	1	1	1	1	0	0	1	1	1	NA	1	0	0	0	2	2	2	0	2	0	0
CAL_105502_P002_WH04	 4.3.14	6.Canmore	Valley	Low	-115.329208	51.050556	98	183	144	88	7.800000191	18.29999924	6.5	-4.800000191	-4.400000095	4.800000191	-5.5	-16	0.121	-0.0923198	1	1	0	1	0	2	1	0	1	NA	0	0	NA	NA	1	1	0	NA	NA	0	0	0	NA	0	0	0	0	NA	NA	0	NA
CAL_105502_P002_WH05	 8.2.14	1.Emerald	N	High	-116.540603	51.435322	204	247	137	262	5.099999905	16.89999962	5.5	-6.199999809	-4.800000191	4.300000191	-5.699999809	-15.80000019	0.82	0.0468118	0	0	1	0	0	1	0	1	1	0	2	0	0	2	0	0	0	0	0	0	0	1	0	0	0	0	0	0	2	0	0
CAL_105502_P002_WH06	 6.3.6	8.Old Baldy	Valley	Low	-115.131753	50.892411	107	187	161	113	7.699999809	18.10000038	6.099999905	-5	-4.400000095	4.900000095	-5.800000191	-15.89999962	0.322	-0.0554448	1	2	0	2	0	2	2	2	2	0	NA	0	NA	1	1	1	0	0	1	0	0	0	NA	0	0	1	0	2	0	0	2
CAL_105502_P002_WH07	 4.1.2	6.Canmore	N	High	-115.329208	51.050556	98	183	144	88	7.800000191	18.29999924	6.5	-4.800000191	-4.400000095	4.800000191	-5.5	-16	0.121	-0.0110229	0	2	0	2	0	1	1	1	1	NA	0	0	0	1	0	0	0	0	1	0	0	1	0	0	0	1	0	2	0	1	1
CAL_105502_P002_WH08	 3.2.2	3.Bell	N	High	-116.024544	51.305969	158	182	118	187	5.699999809	17.60000038	6	-6	-5.099999905	4.199999809	-5.900000095	-17.10000038	0.548	0.0514833	0	0	2	0	2	0	0	0	0	1	1	0	1	1	0	0	0	1	1	1	1	NA	NA	NA	NA	NA	NA	0	1	1	0
CAL_105502_P002_WH09	 6.3.10	8.Old Baldy	Valley	Low	-115.131753	50.892411	107	187	161	113	7.699999809	18.10000038	6.099999905	-5	-4.400000095	4.900000095	-5.800000191	-15.89999962	0.322	-0.0587832	NA	NA	0	2	0	2	1	2	2	1	1	0	NA	1	0	0	0	0	0	0	0	1	0	0	NA	NA	NA	0	1	0	1
CAL_105502_P002_WH10	 6.1.2	8.Old Baldy	N	High	-115.131753	50.892411	107	187	161	113	7.699999809	18.10000038	6.099999905	-5	-4.400000095	4.900000095	-5.800000191	-15.89999962	0.322	0.0478867	0	0	0	2	0	0	0	2	2	0	0	0	2	0	0	0	0	0	1	1	1	0	1	1	1	1	1	0	NA	0	0
CAL_105502_P002_WH12	 4.1.6	6.Canmore	N	High	-115.329208	51.050556	98	183	144	88	7.800000191	18.29999924	6.5	-4.800000191	-4.400000095	4.800000191	-5.5	-16	0.121	0.0483636	1	1	0	2	0	2	1	2	2	0	1	0	1	1	0	0	0	NA	1	0	0	1	0	0	0	0	0	2	0	0	2
CAL_105502_P003_WA01	 8.1.3	1.Emerald	S	High	-116.540603	51.435322	204	247	137	262	5.099999905	16.89999962	5.5	-6.199999809	-4.800000191	4.300000191	-5.699999809	-15.80000019	0.82	0.0479196	NA	NA	0	1	1	0	0	0	0	0	2	0	0	2	0	0	0	0	0	0	0	2	NA	NA	NA	NA	NA	NA	0	2	0
CAL_105502_P003_WA02	 9.3.7	2.Cathedral	N	High	-116.327133	51.445664	297	291	200	350	2.200000048	14.30000019	3.299999952	-7.800000191	-5.5	3.700000048	-6.699999809	-16.60000038	0.873	0.0390481	0	0	2	0	2	0	0	0	0	2	0	0	1	NA	0	0	0	1	2	0	0	0	0	0	0	0	0	0	2	0	0
CAL_105502_P003_WA03	 7.2.5	7.Yates	N	High	-115.053825	51.038728	118	213	177	93	9.100000381	19.5	7.800000191	-3.599999905	-3.400000095	5.599999905	-4.800000191	-15.10000038	0.0617	-0.026729	1	1	1	NA	NA	NA	1	1	1	1	1	1	1	1	0	1	1	1	1	0	1	0	1	0	0	0	0	2	0	0	2
CAL_105502_P003_WA04	 1.3.7	4.Norquay	Valley	Low	-115.586944	51.190178	81	127	89	70	7.400000095	18.39999962	6.599999905	-5	-4.5	4.599999905	-5.5	-16	0.0772	-0.0871382	NA	NA	NA	2	0	NA	1	2	2	2	1	0	1	1	1	1	0	0	1	0	0	0	1	0	0	0	0	2	0	0	2
CAL_105502_P003_WA05	 7.3.15	7.Yates	Valley	Low	-115.053825	51.038728	118	213	177	93	9.100000381	19.5	7.800000191	-3.599999905	-3.400000095	5.599999905	-4.800000191	-15.10000038	0.0617	-0.0807002	NA	NA	NA	0	2	0	0	2	2	NA	NA	0	2	1	0	0	0	0	1	1	1	0	0	0	1	0	0	NA	2	0	0
CAL_105502_P003_WA06	 3.2.15	3.Bell	N	High	-116.024544	51.305969	158	182	118	187	5.699999809	17.60000038	6	-6	-5.099999905	4.199999809	-5.900000095	-17.10000038	0.548	0.0551891	0	0	0	1	1	1	0	0	NA	0	1	0	NA	1	0	0	0	0	NA	NA	1	1	0	0	0	0	0	NA	0	1	0
CAL_105502_P003_WA07	 8.2.15	1.Emerald	N	High	-116.540603	51.435322	204	247	137	262	5.099999905	16.89999962	5.5	-6.199999809	-4.800000191	4.300000191	-5.699999809	-15.80000019	0.82	0.0502327	NA	NA	NA	0	2	0	0	2	NA	NA	2	0	0	2	0	0	0	0	0	1	1	1	0	0	2	2	2	0	1	1	0
CAL_105502_P003_WA08	 8.1.7	1.Emerald	S	High	-116.540603	51.435322	204	247	137	262	5.099999905	16.89999962	5.5	-6.199999809	-4.800000191	4.300000191	-5.699999809	-15.80000019	0.82	0.0518063	NA	NA	NA	NA	NA	0	0	0	0	0	1	0	0	NA	0	0	0	0	0	0	0	1	0	0	0	0	0	0	0	2	0
CAL_105502_P003_WA09	 3.2.11	3.Bell	N	High	-116.024544	51.305969	158	182	118	187	5.699999809	17.60000038	6	-6	-5.099999905	4.199999809	-5.900000095	-17.10000038	0.548	0.0533764	0	0	2	0	2	0	0	0	0	0	1	1	NA	1	0	0	1	1	1	0	1	NA	0	0	0	0	0	NA	1	0	0
CAL_105502_P003_WA10	 9.2.3	2.Cathedral	S	High	-116.327133	51.445664	297	291	200	350	2.200000048	14.30000019	3.299999952	-7.800000191	-5.5	3.700000048	-6.699999809	-16.60000038	0.873	0.0427482	NA	NA	NA	0	2	0	0	2	2	0	NA	1	NA	1	0	0	1	1	1	NA	1	0	0	0	1	1	1	0	2	0	0
CAL_105502_P003_WA11	 8.3.11	1.Emerald	Valley	Low	-116.540603	51.435322	204	247	137	262	5.099999905	16.89999962	5.5	-6.199999809	-4.800000191	4.300000191	-5.699999809	-15.80000019	0.82	0.0307023	0	0	1	1	1	1	0	0	0	NA	NA	0	NA	0	0	0	0	0	1	0	0	1	1	2	0	0	0	0	1	1	0
CAL_105502_P003_WA12	 7.3.3	7.Yates	Valley	Low	-115.053825	51.038728	118	213	177	93	9.100000381	19.5	7.800000191	-3.599999905	-3.400000095	5.599999905	-4.800000191	-15.10000038	0.0617	-0.0790809	0	0	2	0	2	1	1	1	1	2	NA	0	2	0	0	1	0	0	1	0	0	0	1	0	0	0	0	2	0	0	2
CAL_105502_P003_WB01	 9.2.7	2.Cathedral	S	High	-116.327133	51.445664	297	291	200	350	2.200000048	14.30000019	3.299999952	-7.800000191	-5.5	3.700000048	-6.699999809	-16.60000038	0.873	0.0344352	0	0	2	0	2	0	0	NA	NA	1	1	0	1	1	0	0	0	1	1	1	1	0	0	0	1	1	2	0	1	0	1
CAL_105502_P003_WB02	 6.2.11	8.Old Baldy	S	High	-115.131753	50.892411	107	187	161	113	7.699999809	18.10000038	6.099999905	-5	-4.400000095	4.900000095	-5.800000191	-15.89999962	0.322	0.0424878	NA	NA	NA	NA	NA	1	0	0	0	NA	0	0	1	1	0	0	0	0	1	0	0	0	NA	0	0	0	0	2	1	0	1
CAL_105502_P003_WB03	 3.3.7	3.Bell	S	High	-116.024544	51.305969	158	182	118	187	5.699999809	17.60000038	6	-6	-5.099999905	4.199999809	-5.900000095	-17.10000038	0.548	0.0213946	NA	NA	NA	NA	0	1	1	2	NA	1	0	0	2	0	NA	1	0	NA	1	1	1	0	1	0	1	0	0	0	2	0	1
CAL_105502_P003_WB04	 7.2.9	7.Yates	N	High	-115.053825	51.038728	118	213	177	93	9.100000381	19.5	7.800000191	-3.599999905	-3.400000095	5.599999905	-4.800000191	-15.10000038	0.0617	-0.00605111	0	1	1	2	0	1	1	0	0	1	0	0	NA	0	0	0	0	1	1	1	1	0	0	0	1	1	1	2	0	1	1
CAL_105502_P003_WB05	 9.2.11	2.Cathedral	S	High	-116.327133	51.445664	297	291	200	350	2.200000048	14.30000019	3.299999952	-7.800000191	-5.5	3.700000048	-6.699999809	-16.60000038	0.873	0.056143	0	0	2	0	2	0	0	0	1	NA	1	0	1	NA	0	0	0	1	2	NA	0	0	0	0	2	2	2	0	2	0	0
CAL_105502_P003_WB06	 8.3.15	1.Emerald	Valley	Low	-116.540603	51.435322	204	247	137	262	5.099999905	16.89999962	5.5	-6.199999809	-4.800000191	4.300000191	-5.699999809	-15.80000019	0.82	0.0277351	NA	NA	NA	NA	2	1	0	1	0	0	NA	0	0	NA	0	0	1	0	1	0	1	0	0	0	2	2	2	NA	2	0	0
CAL_105502_P003_WB07	 6.2.7	8.Old Baldy	S	High	-115.131753	50.892411	107	187	161	113	7.699999809	18.10000038	6.099999905	-5	-4.400000095	4.900000095	-5.800000191	-15.89999962	0.322	-0.0387027	2	2	0	1	1	1	1	2	2	NA	0	0	2	0	1	1	0	1	2	0	0	0	NA	0	0	0	0	2	0	0	2
CAL_105502_P003_WB08	 9.2.15	2.Cathedral	S	High	-116.327133	51.445664	297	291	200	350	2.200000048	14.30000019	3.299999952	-7.800000191	-5.5	3.700000048	-6.699999809	-16.60000038	0.873	0.0539631	0	0	2	0	2	0	0	0	NA	1	1	0	1	1	0	0	1	1	1	1	1	0	0	0	2	2	2	0	2	0	0
CAL_105502_P003_WB09	 9.1.3	2.Cathedral	Valley	Low	-116.327133	51.445664	297	291	200	350	2.200000048	14.30000019	3.299999952	-7.800000191	-5.5	3.700000048	-6.699999809	-16.60000038	0.873	0.0279701	NA	NA	0	2	0	1	0	2	1	1	1	0	1	1	0	0	0	0	0	0	0	0	0	0	NA	0	0	1	1	0	NA
CAL_105502_P003_WB10	 6.2.3	8.Old Baldy	S	High	-115.131753	50.892411	107	187	161	113	7.699999809	18.10000038	6.099999905	-5	-4.400000095	4.900000095	-5.800000191	-15.89999962	0.322	-0.0109155	0	NA	0	0	1	1	0	0	0	NA	1	0	1	1	0	0	0	0	NA	0	0	0	0	0	1	0	0	1	2	0	1
CAL_105502_P003_WB11	 7.2.11	7.Yates	N	High	-115.053825	51.038728	118	213	177	93	9.100000381	19.5	7.800000191	-3.599999905	-3.400000095	5.599999905	-4.800000191	-15.10000038	0.0617	0.0170118	NA	NA	NA	NA	2	0	0	2	2	0	NA	0	1	1	0	0	0	0	1	0	0	1	0	0	0	1	0	0	1	0	1
CAL_105502_P003_WB12	 6.2.15	8.Old Baldy	S	High	-115.131753	50.892411	107	187	161	113	7.699999809	18.10000038	6.099999905	-5	-4.400000095	4.900000095	-5.800000191	-15.89999962	0.322	0.0509813	0	0	2	0	2	0	0	0	0	0	1	0	1	1	0	0	0	1	1	1	1	0	0	0	1	1	NA	0	2	0	0
CAL_105502_P003_WC01	 9.3.15	2.Cathedral	N	High	-116.327133	51.445664	297	291	200	350	2.200000048	14.30000019	3.299999952	-7.800000191	-5.5	3.700000048	-6.699999809	-16.60000038	0.873	0.0492762	0	0	0	2	0	0	0	2	2	0	1	0	1	1	0	0	0	1	NA	NA	NA	0	1	1	0	0	0	0	2	0	0
CAL_105502_P003_WC02	 8.1.11	1.Emerald	S	High	-116.540603	51.435322	204	247	137	262	5.099999905	16.89999962	5.5	-6.199999809	-4.800000191	4.300000191	-5.699999809	-15.80000019	0.82	0.050686	NA	NA	2	0	2	0	0	NA	NA	1	1	1	1	1	0	0	1	1	1	NA	1	0	0	0	1	1	1	0	2	0	0
CAL_105502_P003_WC03	 1.1.3	4.Norquay	N	High	-115.586944	51.190178	81	127	89	70	7.400000095	18.39999962	6.599999905	-5	-4.5	4.599999905	-5.5	-16	0.0772	0.0501847	0	0	2	0	2	1	0	1	0	1	1	0	1	1	0	0	0	1	2	0	0	0	0	0	1	1	0	0	2	0	0
CAL_105502_P003_WC04	 8.3.7	1.Emerald	Valley	Low	-116.540603	51.435322	204	247	137	262	5.099999905	16.89999962	5.5	-6.199999809	-4.800000191	4.300000191	-5.699999809	-15.80000019	0.82	0.0126456	0	0	0	NA	0	1	0	0	0	0	2	0	0	2	0	0	0	0	0	0	0	2	0	0	NA	NA	NA	0	NA	0	0
CAL_105502_P003_WC05	 8.1.15	1.Emerald	S	High	-116.540603	51.435322	204	247	137	262	5.099999905	16.89999962	5.5	-6.199999809	-4.800000191	4.300000191	-5.699999809	-15.80000019	0.82	0.0493354	0	0	1	0	2	0	0	1	1	1	1	0	NA	1	1	0	0	0	1	0	0	0	0	0	0	1	0	0	NA	0	0
CAL_105502_P003_WC06	 2.1.11	5.Cascade	N	High	-115.504167	51.248633	108	163	111	102	7	17.79999924	6.099999905	-5.199999809	-4.699999809	4.5	-5.800000191	-16.29999924	0.111	0.0494232	0	0	0	2	0	1	1	1	1	1	0	0	2	0	0	0	0	1	2	0	0	0	1	1	0	0	0	0	1	1	0
CAL_105502_P003_WC07	 7.3.7	7.Yates	Valley	Low	-115.053825	51.038728	118	213	177	93	9.100000381	19.5	7.800000191	-3.599999905	-3.400000095	5.599999905	-4.800000191	-15.10000038	0.0617	-0.0907798	1	1	0	2	0	1	1	2	2	1	1	0	NA	1	0	0	0	0	1	1	1	0	0	0	0	0	0	2	0	0	2
CAL_105502_P003_WC08	 1.1.15	4.Norquay	N	High	-115.586944	51.190178	81	127	89	70	7.400000095	18.39999962	6.599999905	-5	-4.5	4.599999905	-5.5	-16	0.0772	0.0521106	0	0	1	1	1	0	0	1	NA	0	2	1	0	NA	0	0	1	1	1	0	1	0	0	0	NA	1	1	0	2	0	0
CAL_105502_P003_WC09	 3.3.3	3.Bell	S	High	-116.024544	51.305969	158	182	118	187	5.699999809	17.60000038	6	-6	-5.099999905	4.199999809	-5.900000095	-17.10000038	0.548	0.0384099	1	1	2	0	2	1	1	1	1	0	1	0	1	1	0	0	0	1	1	1	1	0	0	0	1	1	1	1	1	0	1
CAL_105502_P003_WC10	 8.2.3	1.Emerald	N	High	-116.540603	51.435322	204	247	137	262	5.099999905	16.89999962	5.5	-6.199999809	-4.800000191	4.300000191	-5.699999809	-15.80000019	0.82	0.017059	0	0	2	0	2	0	0	0	0	1	1	0	1	1	0	0	0	0	1	0	0	1	1	2	0	0	0	NA	2	0	0
CAL_105502_P003_WC11	 1.3.11	4.Norquay	Valley	Low	-115.586944	51.190178	81	127	89	70	7.400000095	18.39999962	6.599999905	-5	-4.5	4.599999905	-5.5	-16	0.0772	-0.0881468	2	2	0	2	0	2	2	2	2	2	0	0	2	0	1	1	0	1	1	0	0	0	1	0	0	0	0	2	0	0	2
CAL_105502_P003_WC12	 2.1.15	5.Cascade	N	High	-115.504167	51.248633	108	163	111	102	7	17.79999924	6.099999905	-5.199999809	-4.699999809	4.5	-5.800000191	-16.29999924	0.111	0.0477367	NA	NA	NA	0	2	0	0	0	0	0	2	0	0	NA	0	0	0	0	1	1	1	1	0	0	1	1	1	0	1	1	0
CAL_105502_P003_WD01	 1.2.11	4.Norquay	S	High	-115.586944	51.190178	81	127	89	70	7.400000095	18.39999962	6.599999905	-5	-4.5	4.599999905	-5.5	-16	0.0772	0.0472458	0	0	2	0	2	0	0	0	0	2	0	1	1	1	0	0	1	1	1	NA	1	0	0	0	0	1	0	2	1	0	1
CAL_105502_P003_WD02	 3.2.3	3.Bell	N	High	-116.024544	51.305969	158	182	118	187	5.699999809	17.60000038	6	-6	-5.099999905	4.199999809	-5.900000095	-17.10000038	0.548	0.0204702	0	0	2	0	2	0	0	0	0	0	2	0	0	2	0	0	0	NA	NA	0	0	2	0	0	0	0	0	0	1	1	0
CAL_105502_P003_WD03	 8.3.3	1.Emerald	Valley	Low	-116.540603	51.435322	204	247	137	262	5.099999905	16.89999962	5.5	-6.199999809	-4.800000191	4.300000191	-5.699999809	-15.80000019	0.82	0.0292395	0	0	0	2	0	0	0	2	2	0	1	0	0	1	0	0	0	1	1	0	0	1	0	0	0	1	0	0	1	0	0
CAL_105502_P003_WD04	 4.3.7	6.Canmore	Valley	Low	-115.329208	51.050556	98	183	144	88	7.800000191	18.29999924	6.5	-4.800000191	-4.400000095	4.800000191	-5.5	-16	0.121	-0.099966	NA	2	0	2	0	2	1	0	1	NA	NA	0	2	0	2	1	0	0	1	0	0	0	2	0	0	0	0	2	0	0	2
CAL_105502_P003_WD05	 4.3.15	6.Canmore	Valley	Low	-115.329208	51.050556	98	183	144	88	7.800000191	18.29999924	6.5	-4.800000191	-4.400000095	4.800000191	-5.5	-16	0.121	-0.0578517	NA	NA	NA	NA	NA	1	0	NA	2	0	1	0	1	1	NA	NA	1	1	1	0	1	1	0	0	0	0	0	NA	NA	0	2
CAL_105502_P003_WD06	 1.3.3	4.Norquay	Valley	Low	-115.586944	51.190178	81	127	89	70	7.400000095	18.39999962	6.599999905	-5	-4.5	4.599999905	-5.5	-16	0.0772	-0.057794	NA	NA	NA	0	2	0	0	0	0	1	1	1	1	1	0	0	1	0	1	0	1	0	1	2	0	NA	NA	0	2	0	0
CAL_105502_P003_WD07	 3.1.7	3.Bell	Valley	Low	-116.024544	51.305969	158	182	118	187	5.699999809	17.60000038	6	-6	-5.099999905	4.199999809	-5.900000095	-17.10000038	0.548	0.0109399	0	0	1	0	2	0	0	0	0	1	1	1	0	1	0	0	1	1	1	0	1	0	0	0	NA	NA	NA	0	1	0	0
CAL_105502_P003_WD08	 4.3.3	6.Canmore	Valley	Low	-115.329208	51.050556	98	183	144	88	7.800000191	18.29999924	6.5	-4.800000191	-4.400000095	4.800000191	-5.5	-16	0.121	-0.104479	NA	NA	NA	NA	NA	2	1	1	1	2	0	0	2	0	2	2	0	0	2	0	0	0	2	0	0	0	0	NA	0	0	2
CAL_105502_P003_WD09	 6.3.3	8.Old Baldy	Valley	Low	-115.131753	50.892411	107	187	161	113	7.699999809	18.10000038	6.099999905	-5	-4.400000095	4.900000095	-5.800000191	-15.89999962	0.322	-0.0540524	NA	NA	1	1	1	0	0	NA	NA	1	1	0	NA	1	0	0	0	1	1	1	1	0	0	0	1	1	NA	0	1	1	0
CAL_105502_P003_WD10	 7.1.7	7.Yates	S	High	-115.053825	51.038728	118	213	177	93	9.100000381	19.5	7.800000191	-3.599999905	-3.400000095	5.599999905	-4.800000191	-15.10000038	0.0617	-0.0556674	NA	NA	NA	NA	NA	0	0	2	2	0	2	NA	0	2	0	0	1	0	0	0	2	0	0	0	2	2	2	0	2	0	0
CAL_105502_P003_WD11	 7.1.15	7.Yates	S	High	-115.053825	51.038728	118	213	177	93	9.100000381	19.5	7.800000191	-3.599999905	-3.400000095	5.599999905	-4.800000191	-15.10000038	0.0617	-0.0234564	0	0	2	0	2	0	0	NA	NA	0	NA	NA	NA	1	0	0	1	1	1	1	1	0	0	0	2	2	2	0	2	0	0
CAL_105502_P003_WD12	 3.1.11	3.Bell	Valley	Low	-116.024544	51.305969	158	182	118	187	5.699999809	17.60000038	6	-6	-5.099999905	4.199999809	-5.900000095	-17.10000038	0.548	-0.00651961	0	0	2	0	2	0	0	0	0	NA	NA	0	NA	2	0	0	0	1	1	1	1	0	0	0	0	0	0	0	2	0	0
CAL_105502_P003_WE01	 4.3.11	6.Canmore	Valley	Low	-115.329208	51.050556	98	183	144	88	7.800000191	18.29999924	6.5	-4.800000191	-4.400000095	4.800000191	-5.5	-16	0.121	-0.0850635	NA	NA	0	1	0	2	1	1	1	NA	1	0	1	1	1	1	0	0	1	0	0	0	1	0	0	2	0	2	0	0	2
CAL_105502_P003_WE02	 7.2.12	7.Yates	N	High	-115.053825	51.038728	118	213	177	93	9.100000381	19.5	7.800000191	-3.599999905	-3.400000095	5.599999905	-4.800000191	-15.10000038	0.0617	0.0348177	NA	NA	NA	NA	NA	1	0	0	0	0	NA	0	0	NA	0	0	0	0	1	0	0	1	0	0	1	1	0	2	0	0	1
CAL_105502_P003_WE03	 3.3.15	3.Bell	S	High	-116.024544	51.305969	158	182	118	187	5.699999809	17.60000038	6	-6	-5.099999905	4.199999809	-5.900000095	-17.10000038	0.548	-0.0228226	0	0	2	0	2	0	0	1	1	NA	1	0	1	1	0	0	0	0	1	1	1	0	0	0	0	0	0	0	1	1	0
CAL_105502_P003_WE04	 1.1.7	4.Norquay	N	High	-115.586944	51.190178	81	127	89	70	7.400000095	18.39999962	6.599999905	-5	-4.5	4.599999905	-5.5	-16	0.0772	0.0502489	0	2	0	1	1	1	1	1	1	0	NA	0	1	1	0	0	0	1	1	0	0	1	0	0	1	1	1	2	1	0	NA
CAL_105502_P003_WE05	 4.1.7	6.Canmore	N	High	-115.329208	51.050556	98	183	144	88	7.800000191	18.29999924	6.5	-4.800000191	-4.400000095	4.800000191	-5.5	-16	0.121	0.0269633	0	0	2	0	2	0	0	0	0	1	NA	0	NA	1	0	0	0	1	1	0	0	1	0	0	1	1	NA	0	2	0	0
CAL_105502_P003_WE06	 7.1.11	7.Yates	S	High	-115.053825	51.038728	118	213	177	93	9.100000381	19.5	7.800000191	-3.599999905	-3.400000095	5.599999905	-4.800000191	-15.10000038	0.0617	-0.0724883	0	1	1	0	NA	1	1	1	1	0	0	0	0	0	1	1	0	0	2	0	0	0	NA	0	0	0	0	2	1	0	1
CAL_105502_P003_WE07	 9.1.7	2.Cathedral	Valley	Low	-116.327133	51.445664	297	291	200	350	2.200000048	14.30000019	3.299999952	-7.800000191	-5.5	3.700000048	-6.699999809	-16.60000038	0.873	0.0331257	NA	NA	NA	0	2	0	0	0	0	NA	2	0	1	1	0	0	0	1	0	0	0	1	0	0	0	0	0	1	1	0	0
CAL_105502_P003_WE08	 7.3.11	7.Yates	Valley	Low	-115.053825	51.038728	118	213	177	93	9.100000381	19.5	7.800000191	-3.599999905	-3.400000095	5.599999905	-4.800000191	-15.10000038	0.0617	-0.088342	NA	NA	0	2	0	1	1	NA	1	2	0	0	2	0	1	1	0	0	1	0	0	0	1	0	0	0	0	2	0	NA	NA
CAL_105502_P003_WE09	 4.1.3	6.Canmore	N	High	-115.329208	51.050556	98	183	144	88	7.800000191	18.29999924	6.5	-4.800000191	-4.400000095	4.800000191	-5.5	-16	0.121	-0.0159387	NA	NA	NA	0	2	1	0	0	0	2	0	0	2	1	1	1	0	0	1	NA	NA	0	1	0	1	1	1	2	0	0	2
CAL_105502_P003_WE10	 1.2.15	4.Norquay	S	High	-115.586944	51.190178	81	127	89	70	7.400000095	18.39999962	6.599999905	-5	-4.5	4.599999905	-5.5	-16	0.0772	0.0398704	0	0	2	1	1	1	1	1	1	0	NA	1	NA	1	0	0	1	1	1	NA	NA	0	0	NA	NA	NA	NA	0	2	0	0
CAL_105502_P003_WE11	 3.3.11	3.Bell	S	High	-116.024544	51.305969	158	182	118	187	5.699999809	17.60000038	6	-6	-5.099999905	4.199999809	-5.900000095	-17.10000038	0.548	-0.0367703	0	0	1	1	1	0	0	1	1	1	NA	0	NA	1	1	1	0	1	1	1	1	0	1	0	0	2	0	0	1	1	0
CAL_105502_P003_WF01	 9.3.3	2.Cathedral	N	High	-116.327133	51.445664	297	291	200	350	2.200000048	14.30000019	3.299999952	-7.800000191	-5.5	3.700000048	-6.699999809	-16.60000038	0.873	0.050994	0	0	NA	0	2	0	0	1	1	NA	1	0	NA	1	0	0	1	0	1	0	1	0	1	1	1	1	1	0	1	1	0
CAL_105502_P003_WF02	 1.2.3	4.Norquay	S	High	-115.586944	51.190178	81	127	89	70	7.400000095	18.39999962	6.599999905	-5	-4.5	4.599999905	-5.5	-16	0.0772	0.0484275	NA	NA	2	0	2	0	0	0	0	1	1	1	1	1	0	0	1	1	1	0	NA	1	0	0	0	0	0	0	2	0	0
CAL_105502_P003_WF03	 2.1.7	5.Cascade	N	High	-115.504167	51.248633	108	163	111	102	7	17.79999924	6.099999905	-5.199999809	-4.699999809	4.5	-5.800000191	-16.29999924	0.111	0.046335	0	0	1	1	1	1	NA	NA	1	NA	2	0	0	2	0	0	0	0	0	1	1	1	0	NA	0	0	0	0	2	0	0
CAL_105502_P003_WF04	 9.3.11	2.Cathedral	N	High	-116.327133	51.445664	297	291	200	350	2.200000048	14.30000019	3.299999952	-7.800000191	-5.5	3.700000048	-6.699999809	-16.60000038	0.873	0.0451318	0	0	2	0	2	0	0	0	0	0	2	0	0	1	0	0	0	1	1	1	1	0	0	0	1	0	0	0	2	0	0
CAL_105502_P003_WF05	 1.2.7	4.Norquay	S	High	-115.586944	51.190178	81	127	89	70	7.400000095	18.39999962	6.599999905	-5	-4.5	4.599999905	-5.5	-16	0.0772	0.00343274	NA	NA	NA	0	2	0	0	2	2	1	1	0	1	1	0	0	0	1	2	0	0	0	NA	1	0	1	0	NA	2	0	0
CAL_105502_P003_WF06	 3.2.7	3.Bell	N	High	-116.024544	51.305969	158	182	118	187	5.699999809	17.60000038	6	-6	-5.099999905	4.199999809	-5.900000095	-17.10000038	0.548	0.0497269	0	0	2	0	2	0	0	1	1	NA	2	0	0	2	0	0	0	0	0	0	0	2	0	0	0	NA	NA	0	2	0	0
CAL_105502_P003_WF07	 1.1.11	4.Norquay	N	High	-115.586944	51.190178	81	127	89	70	7.400000095	18.39999962	6.599999905	-5	-4.5	4.599999905	-5.5	-16	0.0772	0.0462923	0	0	2	0	2	0	0	0	0	0	1	0	1	1	0	0	1	0	1	0	1	0	1	0	0	0	0	NA	2	0	0
CAL_105502_P003_WF08	 2.3.16	5.Cascade	S	High	-115.504167	51.248633	108	163	111	102	7	17.79999924	6.099999905	-5.199999809	-4.699999809	4.5	-5.800000191	-16.29999924	0.111	-0.0165639	0	0	1	1	1	NA	0	0	0	0	1	0	0	1	0	0	0	0	1	0	1	0	0	0	2	2	0	2	0	1	1
CAL_105502_P003_WF09	 2.2.7	5.Cascade	Valley	Low	-115.504167	51.248633	108	163	111	102	7	17.79999924	6.099999905	-5.199999809	-4.699999809	4.5	-5.800000191	-16.29999924	0.111	-0.0757629	0	1	0	2	1	1	1	2	2	2	0	0	1	0	1	0	0	0	1	0	0	0	0	0	0	0	0	1	1	0	1
CAL_105502_P003_WF10	 6.1.7	8.Old Baldy	N	High	-115.131753	50.892411	107	187	161	113	7.699999809	18.10000038	6.099999905	-5	-4.400000095	4.900000095	-5.800000191	-15.89999962	0.322	0.0312328	NA	NA	NA	NA	NA	2	0	NA	NA	0	1	0	0	1	0	0	0	0	0	0	0	1	0	0	0	0	0	0	0	0	0
CAL_105502_P003_WF11	 6.1.15	8.Old Baldy	N	High	-115.131753	50.892411	107	187	161	113	7.699999809	18.10000038	6.099999905	-5	-4.400000095	4.900000095	-5.800000191	-15.89999962	0.322	0.0120957	0	0	2	0	2	0	0	0	0	1	1	0	1	1	0	0	0	1	2	0	0	0	0	0	0	0	0	0	1	1	0
CAL_105502_P003_WF12	 2.3.12	5.Cascade	S	High	-115.504167	51.248633	108	163	111	102	7	17.79999924	6.099999905	-5.199999809	-4.699999809	4.5	-5.800000191	-16.29999924	0.111	-0.0691715	0	0	0	2	0	0	0	2	0	NA	0	0	NA	0	2	1	0	0	1	0	0	0	1	0	0	0	0	2	0	0	2
CAL_105502_P003_WG01	 3.1.15	3.Bell	Valley	Low	-116.024544	51.305969	158	182	118	187	5.699999809	17.60000038	6	-6	-5.099999905	4.199999809	-5.900000095	-17.10000038	0.548	-0.0550373	0	0	0	2	0	1	0	NA	1	1	1	1	1	1	0	0	1	1	1	0	1	0	0	0	1	1	0	0	0	2	0
CAL_105502_P003_WG02	 6.3.15	8.Old Baldy	Valley	Low	-115.131753	50.892411	107	187	161	113	7.699999809	18.10000038	6.099999905	-5	-4.400000095	4.900000095	-5.800000191	-15.89999962	0.322	-0.0305123	0	0	2	0	2	1	0	1	1	0	2	1	0	2	0	0	1	1	1	0	1	1	0	0	1	1	1	0	2	0	0
CAL_105502_P003_WG03	 9.1.11	2.Cathedral	Valley	Low	-116.327133	51.445664	297	291	200	350	2.200000048	14.30000019	3.299999952	-7.800000191	-5.5	3.700000048	-6.699999809	-16.60000038	0.873	0.050103	NA	NA	NA	NA	NA	1	1	2	2	1	0	0	0	1	1	1	0	0	1	0	0	NA	1	0	0	0	0	0	1	0	1
CAL_105502_P003_WG04	 6.1.3	8.Old Baldy	N	High	-115.131753	50.892411	107	187	161	113	7.699999809	18.10000038	6.099999905	-5	-4.400000095	4.900000095	-5.800000191	-15.89999962	0.322	0.0418483	0	0	0	0	NA	1	0	NA	0	0	2	0	0	2	0	0	0	0	0	1	1	1	0	NA	NA	NA	NA	0	1	1	0
CAL_105502_P003_WG05	 7.1.3	7.Yates	S	High	-115.053825	51.038728	118	213	177	93	9.100000381	19.5	7.800000191	-3.599999905	-3.400000095	5.599999905	-4.800000191	-15.10000038	0.0617	-0.0480771	0	0	0	0	0	1	0	2	2	1	1	NA	1	1	0	0	1	1	1	0	1	0	0	0	1	2	1	0	2	0	0
CAL_105502_P003_WG06	 4.1.15	6.Canmore	N	High	-115.329208	51.050556	98	183	144	88	7.800000191	18.29999924	6.5	-4.800000191	-4.400000095	4.800000191	-5.5	-16	0.121	0.0357348	NA	NA	NA	NA	NA	0	0	0	0	1	0	0	1	NA	0	0	0	0	0	0	0	1	0	0	0	0	0	0	2	0	0
CAL_105502_P003_WG07	 6.1.11	8.Old Baldy	N	High	-115.131753	50.892411	107	187	161	113	7.699999809	18.10000038	6.099999905	-5	-4.400000095	4.900000095	-5.800000191	-15.89999962	0.322	0.0185815	2	2	0	2	0	2	1	1	1	1	1	0	1	1	1	1	0	0	1	1	1	0	1	0	2	2	2	1	1	0	1
CAL_105502_P003_WG08	 2.1.3	5.Cascade	N	High	-115.504167	51.248633	108	163	111	102	7	17.79999924	6.099999905	-5.199999809	-4.699999809	4.5	-5.800000191	-16.29999924	0.111	0.042855	NA	NA	NA	NA	NA	0	0	0	0	0	0	0	0	0	0	0	0	1	1	2	2	0	0	0	1	1	1	NA	2	0	0
CAL_105502_P003_WG09	 8.2.7	1.Emerald	N	High	-116.540603	51.435322	204	247	137	262	5.099999905	16.89999962	5.5	-6.199999809	-4.800000191	4.300000191	-5.699999809	-15.80000019	0.82	0.0464395	0	0	2	0	2	NA	0	0	NA	1	1	0	1	1	0	0	0	0	1	0	0	1	0	0	0	0	0	0	1	1	0
CAL_105502_P003_WG10	 9.1.15	2.Cathedral	Valley	Low	-116.327133	51.445664	297	291	200	350	2.200000048	14.30000019	3.299999952	-7.800000191	-5.5	3.700000048	-6.699999809	-16.60000038	0.873	0.0488764	0	0	2	0	2	0	0	0	0	1	1	0	1	1	1	1	0	1	1	1	1	0	1	0	1	1	1	1	1	0	1
CAL_105502_P003_WG11	 4.1.11	6.Canmore	N	High	-115.329208	51.050556	98	183	144	88	7.800000191	18.29999924	6.5	-4.800000191	-4.400000095	4.800000191	-5.5	-16	0.121	0.026955	0	0	2	2	0	1	1	1	1	2	0	0	2	0	0	0	0	0	1	0	0	0	1	2	0	0	0	0	NA	0	NA
CAL_105502_P003_WG12	 3.1.3	3.Bell	Valley	Low	-116.024544	51.305969	158	182	118	187	5.699999809	17.60000038	6	-6	-5.099999905	4.199999809	-5.900000095	-17.10000038	0.548	-0.054587	NA	2	0	NA	0	2	2	2	2	2	0	0	2	0	2	2	0	0	2	0	0	0	2	0	0	0	0	2	0	0	2
CAL_105502_P003_WH01	 8.2.11	1.Emerald	N	High	-116.540603	51.435322	204	247	137	262	5.099999905	16.89999962	5.5	-6.199999809	-4.800000191	4.300000191	-5.699999809	-15.80000019	0.82	0.0493915	0	0	0	2	0	2	1	2	2	NA	0	0	2	1	0	0	0	1	1	1	1	0	0	0	NA	NA	NA	0	NA	1	0
CAL_105502_P003_WH02	 2.2.15	5.Cascade	Valley	Low	-115.504167	51.248633	108	163	111	102	7	17.79999924	6.099999905	-5.199999809	-4.699999809	4.5	-5.800000191	-16.29999924	0.111	-0.0842485	2	2	0	2	0	2	2	1	1	1	1	0	1	1	1	1	0	0	1	NA	1	0	1	0	0	0	0	2	1	0	1
CAL_105502_P003_WH03	 4.2.11	6.Canmore	S	High	-115.329208	51.050556	98	183	144	88	7.800000191	18.29999924	6.5	-4.800000191	-4.400000095	4.800000191	-5.5	-16	0.121	-0.0844228	0	2	0	2	0	1	1	2	1	2	0	0	2	0	1	1	0	1	2	0	0	0	NA	0	0	0	0	2	0	0	2
CAL_105502_P003_WH04	 1.3.15	4.Norquay	Valley	Low	-115.586944	51.190178	81	127	89	70	7.400000095	18.39999962	6.599999905	-5	-4.5	4.599999905	-5.5	-16	0.0772	-0.0543096	2	2	0	2	0	1	1	1	1	2	0	0	1	0	0	0	0	0	1	0	0	0	2	2	0	0	0	1	1	0	1
CAL_105502_P003_WH05	 6.3.11	8.Old Baldy	Valley	Low	-115.131753	50.892411	107	187	161	113	7.699999809	18.10000038	6.099999905	-5	-4.400000095	4.900000095	-5.800000191	-15.89999962	0.322	0.0319044	NA	NA	NA	0	2	0	0	0	0	0	1	1	1	1	0	0	1	1	1	0	1	0	0	0	1	1	1	0	2	0	0
CAL_105502_P003_WH06	 2.2.11	5.Cascade	Valley	Low	-115.504167	51.248633	108	163	111	102	7	17.79999924	6.099999905	-5.199999809	-4.699999809	4.5	-5.800000191	-16.29999924	0.111	-0.0545885	0	0	2	0	2	1	1	1	1	1	1	NA	1	1	0	0	1	1	1	1	1	0	0	0	NA	NA	NA	0	1	0	1
CAL_105502_P003_WH07	 4.2.7	6.Canmore	S	High	-115.329208	51.050556	98	183	144	88	7.800000191	18.29999924	6.5	-4.800000191	-4.400000095	4.800000191	-5.5	-16	0.121	-0.0576548	0	0	0	1	0	2	0	1	1	NA	0	0	NA	0	1	1	0	0	2	0	0	0	2	1	0	0	0	1	0	0	2
CAL_105502_P003_WH08	 2.3.8	5.Cascade	S	High	-115.504167	51.248633	108	163	111	102	7	17.79999924	6.099999905	-5.199999809	-4.699999809	4.5	-5.800000191	-16.29999924	0.111	0.017218	0	0	2	0	2	1	1	0	0	1	0	0	2	0	1	NA	0	NA	2	0	0	0	2	0	1	1	1	0	NA	0	NA
CAL_105502_P003_WH09	 6.3.7	8.Old Baldy	Valley	Low	-115.131753	50.892411	107	187	161	113	7.699999809	18.10000038	6.099999905	-5	-4.400000095	4.900000095	-5.800000191	-15.89999962	0.322	-0.0711497	0	0	2	0	2	NA	NA	0	0	2	1	0	1	1	0	0	0	0	0	0	0	2	0	0	0	0	0	NA	1	0	1
CAL_105502_P003_WH10	 4.2.3	6.Canmore	S	High	-115.329208	51.050556	98	183	144	88	7.800000191	18.29999924	6.5	-4.800000191	-4.400000095	4.800000191	-5.5	-16	0.121	-0.0044215	NA	NA	NA	2	0	0	0	2	1	1	0	0	1	0	1	1	0	1	2	0	0	0	1	0	0	1	0	2	0	0	2
CAL_105502_P003_WH11	 2.3.4	5.Cascade	S	High	-115.504167	51.248633	108	163	111	102	7	17.79999924	6.099999905	-5.199999809	-4.699999809	4.5	-5.800000191	-16.29999924	0.111	-0.0617175	0	0	0	2	0	2	1	2	2	1	1	0	1	1	0	0	0	1	1	1	1	0	0	0	1	1	1	NA	2	0	0
CAL_105502_P003_WH12	 2.2.3	5.Cascade	Valley	Low	-115.504167	51.248633	108	163	111	102	7	17.79999924	6.099999905	-5.199999809	-4.699999809	4.5	-5.800000191	-16.29999924	0.111	-0.0739686	2	2	0	2	0	2	1	2	2	1	1	0	1	1	1	1	0	0	1	0	0	0	2	0	0	0	0	1	NA	0	1
CAL_105502_P004_WA01	 7.2.7	7.Yates	N	High	-115.053825	51.038728	118	213	177	93	9.100000381	19.5	7.800000191	-3.599999905	-3.400000095	5.599999905	-4.800000191	-15.10000038	0.0617	0.0210264	0	0	1	1	1	0	0	0	0	2	0	0	2	1	0	0	1	1	1	0	1	0	0	0	0	0	0	0	0	1	1
CAL_105502_P004_WA02	 9.2.16	2.Cathedral	S	High	-116.327133	51.445664	297	291	200	350	2.200000048	14.30000019	3.299999952	-7.800000191	-5.5	3.700000048	-6.699999809	-16.60000038	0.873	0.0431183	0	0	2	0	2	NA	0	1	1	1	1	0	1	1	0	0	0	1	1	NA	NA	0	0	0	2	2	2	0	2	0	0
CAL_105502_P004_WA03	 6.2.16	8.Old Baldy	S	High	-115.131753	50.892411	107	187	161	113	7.699999809	18.10000038	6.099999905	-5	-4.400000095	4.900000095	-5.800000191	-15.89999962	0.322	0.0143237	0	0	0	2	0	0	0	2	2	NA	NA	1	NA	1	0	0	1	1	NA	0	2	0	0	0	1	1	1	NA	2	0	0
CAL_105502_P004_WA04	 9.1.16	2.Cathedral	Valley	Low	-116.327133	51.445664	297	291	200	350	2.200000048	14.30000019	3.299999952	-7.800000191	-5.5	3.700000048	-6.699999809	-16.60000038	0.873	0.0230514	0	0	2	0	2	0	0	0	0	0	2	1	0	2	0	0	NA	1	1	0	1	0	0	0	2	2	1	0	1	0	NA
CAL_105502_P004_WA05	 9.1.4	2.Cathedral	Valley	Low	-116.327133	51.445664	297	291	200	350	2.200000048	14.30000019	3.299999952	-7.800000191	-5.5	3.700000048	-6.699999809	-16.60000038	0.873	0.0484845	0	0	0	2	1	0	0	NA	NA	NA	0	0	0	0	0	0	0	0	NA	NA	1	0	1	1	0	NA	NA	0	1	1	0
CAL_105502_P004_WA06	 2.1.16	5.Cascade	N	High	-115.504167	51.248633	108	163	111	102	7	17.79999924	6.099999905	-5.199999809	-4.699999809	4.5	-5.800000191	-16.29999924	0.111	-0.011497	0	0	0	2	0	1	0	2	2	0	1	0	0	1	0	0	0	0	1	1	NA	1	0	0	2	NA	NA	0	2	0	0
CAL_105502_P004_WA07	 9.3.8	2.Cathedral	N	High	-116.327133	51.445664	297	291	200	350	2.200000048	14.30000019	3.299999952	-7.800000191	-5.5	3.700000048	-6.699999809	-16.60000038	0.873	0.0430846	0	1	1	1	1	1	1	1	1	NA	1	0	1	1	1	1	0	0	2	0	0	0	NA	0	2	0	0	2	0	0	2
CAL_105502_P004_WA08	 6.1.16	8.Old Baldy	N	High	-115.131753	50.892411	107	187	161	113	7.699999809	18.10000038	6.099999905	-5	-4.400000095	4.900000095	-5.800000191	-15.89999962	0.322	0.00147611	0	0	2	0	2	0	0	NA	NA	NA	2	0	0	2	0	0	NA	1	1	0	NA	1	0	0	0	0	0	0	2	0	0
CAL_105502_P004_WA09	 7.2.18	7.Yates	N	High	-115.053825	51.038728	118	213	177	93	9.100000381	19.5	7.800000191	-3.599999905	-3.400000095	5.599999905	-4.800000191	-15.10000038	0.0617	0.0050739	0	2	0	2	0	1	1	2	2	1	1	0	1	0	0	1	0	1	NA	NA	NA	0	1	0	1	1	1	2	NA	0	1
CAL_105502_P004_WA10	 9.2.8	2.Cathedral	S	High	-116.327133	51.445664	297	291	200	350	2.200000048	14.30000019	3.299999952	-7.800000191	-5.5	3.700000048	-6.699999809	-16.60000038	0.873	0.049234	NA	NA	NA	NA	NA	0	0	0	0	0	2	0	0	1	0	0	0	1	1	1	1	0	0	0	2	0	0	0	2	0	0
CAL_105502_P004_WA11	 9.3.12	2.Cathedral	N	High	-116.327133	51.445664	297	291	200	350	2.200000048	14.30000019	3.299999952	-7.800000191	-5.5	3.700000048	-6.699999809	-16.60000038	0.873	0.0503589	0	0	1	1	1	0	0	2	2	0	2	0	0	1	0	0	0	0	1	NA	0	NA	0	0	0	2	0	0	2	0	0
CAL_105502_P004_WA12	 3.2.12	3.Bell	N	High	-116.024544	51.305969	158	182	118	187	5.699999809	17.60000038	6	-6	-5.099999905	4.199999809	-5.900000095	-17.10000038	0.548	0.0507604	0	0	2	0	2	0	0	NA	NA	1	1	0	1	1	0	0	0	0	1	1	1	0	1	1	NA	1	0	0	2	0	0
CAL_105502_P004_WB01	 2.1.12	5.Cascade	N	High	-115.504167	51.248633	108	163	111	102	7	17.79999924	6.099999905	-5.199999809	-4.699999809	4.5	-5.800000191	-16.29999924	0.111	0.049383	0	0	2	NA	NA	0	0	0	0	0	2	0	0	NA	0	0	0	0	0	0	0	2	0	0	0	0	0	0	1	0	0
CAL_105502_P004_WB02	 7.2.8	7.Yates	N	High	-115.053825	51.038728	118	213	177	93	9.100000381	19.5	7.800000191	-3.599999905	-3.400000095	5.599999905	-4.800000191	-15.10000038	0.0617	0.0327057	0	0	1	1	1	1	0	1	1	NA	2	0	0	1	0	0	NA	0	1	1	1	0	0	0	2	NA	NA	NA	1	1	0
CAL_105502_P004_WB03	 1.3.4	4.Norquay	Valley	Low	-115.586944	51.190178	81	127	89	70	7.400000095	18.39999962	6.599999905	-5	-4.5	4.599999905	-5.5	-16	0.0772	-0.0835025	0	2	0	2	0	1	1	0	0	0	1	1	1	1	1	1	1	NA	1	0	1	0	0	0	2	2	2	1	1	0	1
CAL_105502_P004_WB04	 8.3.16	1.Emerald	Valley	Low	-116.540603	51.435322	204	247	137	262	5.099999905	16.89999962	5.5	-6.199999809	-4.800000191	4.300000191	-5.699999809	-15.80000019	0.82	0.0330245	0	0	2	0	2	0	0	NA	NA	0	2	0	0	2	0	0	0	0	0	0	0	2	NA	NA	NA	NA	NA	2	1	0	1
CAL_105502_P004_WB05	 2.3.9	5.Cascade	S	High	-115.504167	51.248633	108	163	111	102	7	17.79999924	6.099999905	-5.199999809	-4.699999809	4.5	-5.800000191	-16.29999924	0.111	-0.0871748	NA	NA	2	0	2	0	0	0	NA	1	0	0	1	0	0	0	0	1	NA	0	0	0	0	0	2	2	2	NA	0	0	2
CAL_105502_P004_WB06	 9.2.4	2.Cathedral	S	High	-116.327133	51.445664	297	291	200	350	2.200000048	14.30000019	3.299999952	-7.800000191	-5.5	3.700000048	-6.699999809	-16.60000038	0.873	0.0463095	NA	NA	2	0	2	1	2	1	1	0	0	0	0	1	0	0	1	0	1	0	NA	0	0	0	0	2	0	0	2	1	0
CAL_105502_P004_WB07	 8.3.4	1.Emerald	Valley	Low	-116.540603	51.435322	204	247	137	262	5.099999905	16.89999962	5.5	-6.199999809	-4.800000191	4.300000191	-5.699999809	-15.80000019	0.82	0.0341959	0	0	2	NA	NA	0	0	1	1	1	0	0	1	1	0	0	0	1	2	NA	NA	0	0	0	0	1	0	0	1	0	0
CAL_105502_P004_WB08	 4.1.12	6.Canmore	N	High	-115.329208	51.050556	98	183	144	88	7.800000191	18.29999924	6.5	-4.800000191	-4.400000095	4.800000191	-5.5	-16	0.121	0.0193094	0	0	2	0	2	1	0	1	1	2	1	0	1	NA	0	0	0	1	2	0	0	0	1	0	1	1	0	NA	2	0	0
CAL_105502_P004_WB09	 8.3.8	1.Emerald	Valley	Low	-116.540603	51.435322	204	247	137	262	5.099999905	16.89999962	5.5	-6.199999809	-4.800000191	4.300000191	-5.699999809	-15.80000019	0.82	0.0171708	0	0	0	0	1	1	0	NA	0	0	1	0	0	NA	0	0	0	0	1	0	0	1	0	0	0	1	0	0	0	2	0
CAL_105502_P004_WB10	 3.3.16	3.Bell	S	High	-116.024544	51.305969	158	182	118	187	5.699999809	17.60000038	6	-6	-5.099999905	4.199999809	-5.900000095	-17.10000038	0.548	0.0412603	0	0	0	1	0	1	0	0	0	2	1	0	1	1	0	0	0	1	NA	NA	NA	0	0	0	0	0	0	0	1	1	0
CAL_105502_P004_WB11	 8.2.4	1.Emerald	N	High	-116.540603	51.435322	204	247	137	262	5.099999905	16.89999962	5.5	-6.199999809	-4.800000191	4.300000191	-5.699999809	-15.80000019	0.82	0.0504637	0	0	2	0	2	0	0	NA	NA	0	NA	0	0	NA	0	0	0	0	0	0	0	NA	0	0	0	0	0	0	1	1	0
CAL_105502_P004_WB12	 8.3.12	1.Emerald	Valley	Low	-116.540603	51.435322	204	247	137	262	5.099999905	16.89999962	5.5	-6.199999809	-4.800000191	4.300000191	-5.699999809	-15.80000019	0.82	0.0338422	NA	NA	NA	NA	NA	0	0	0	0	0	1	0	0	1	0	0	0	0	1	0	0	0	0	0	2	2	0	1	1	0	2
CAL_105502_P004_WC01	 7.1.16	7.Yates	S	High	-115.053825	51.038728	118	213	177	93	9.100000381	19.5	7.800000191	-3.599999905	-3.400000095	5.599999905	-4.800000191	-15.10000038	0.0617	-0.0725339	NA	NA	NA	2	0	0	0	NA	NA	2	1	0	NA	1	0	0	0	0	0	0	0	1	0	0	NA	0	0	2	0	1	1
CAL_105502_P004_WC02	 8.1.8	1.Emerald	S	High	-116.540603	51.435322	204	247	137	262	5.099999905	16.89999962	5.5	-6.199999809	-4.800000191	4.300000191	-5.699999809	-15.80000019	0.82	0.0339408	0	0	2	0	NA	0	0	0	0	0	2	0	0	2	0	0	0	0	0	1	1	1	0	NA	NA	NA	NA	1	1	0	1
CAL_105502_P004_WC03	 7.3.4	7.Yates	Valley	Low	-115.053825	51.038728	118	213	177	93	9.100000381	19.5	7.800000191	-3.599999905	-3.400000095	5.599999905	-4.800000191	-15.10000038	0.0617	-0.101893	NA	NA	NA	NA	NA	2	2	0	0	NA	1	0	1	1	1	1	0	0	1	0	0	0	1	0	0	NA	NA	2	0	0	2
CAL_105502_P004_WC04	 2.1.4	5.Cascade	N	High	-115.504167	51.248633	108	163	111	102	7	17.79999924	6.099999905	-5.199999809	-4.699999809	4.5	-5.800000191	-16.29999924	0.111	0.0532645	0	0	0	0	2	0	0	0	0	0	2	0	0	2	0	0	0	0	0	1	1	0	0	0	1	2	2	0	2	0	0
CAL_105502_P004_WC05	 6.1.8	8.Old Baldy	N	High	-115.131753	50.892411	107	187	161	113	7.699999809	18.10000038	6.099999905	-5	-4.400000095	4.900000095	-5.800000191	-15.89999962	0.322	0.0388957	0	1	1	1	0	1	1	1	0	0	1	0	0	1	0	1	0	NA	1	1	1	0	0	0	1	NA	0	0	2	0	0
CAL_105502_P004_WC06	 4.2.8	6.Canmore	S	High	-115.329208	51.050556	98	183	144	88	7.800000191	18.29999924	6.5	-4.800000191	-4.400000095	4.800000191	-5.5	-16	0.121	-0.00842605	0	0	0	2	0	1	0	2	2	0	2	0	0	1	0	0	0	0	0	0	0	0	0	0	0	0	0	0	0	NA	NA
CAL_105502_P004_WC07	 6.3.4	8.Old Baldy	Valley	Low	-115.131753	50.892411	107	187	161	113	7.699999809	18.10000038	6.099999905	-5	-4.400000095	4.900000095	-5.800000191	-15.89999962	0.322	-0.0416653	0	0	1	1	1	0	0	2	2	0	NA	1	0	NA	0	0	1	NA	NA	0	1	1	0	0	0	0	0	0	1	1	0
CAL_105502_P004_WC08	 3.2.16	3.Bell	N	High	-116.024544	51.305969	158	182	118	187	5.699999809	17.60000038	6	-6	-5.099999905	4.199999809	-5.900000095	-17.10000038	0.548	0.0504086	NA	NA	NA	NA	NA	0	0	2	2	NA	1	0	NA	1	0	0	0	NA	1	1	1	0	0	0	2	2	0	0	2	0	0
CAL_105502_P004_WC09	 1.1.12	4.Norquay	N	High	-115.586944	51.190178	81	127	89	70	7.400000095	18.39999962	6.599999905	-5	-4.5	4.599999905	-5.5	-16	0.0772	0.0494847	0	0	2	0	2	0	0	0	NA	0	1	0	1	1	0	0	0	0	1	0	0	1	0	NA	NA	NA	NA	0	NA	NA	0
CAL_105502_P004_WC10	 9.1.8	2.Cathedral	Valley	Low	-116.327133	51.445664	297	291	200	350	2.200000048	14.30000019	3.299999952	-7.800000191	-5.5	3.700000048	-6.699999809	-16.60000038	0.873	-0.0618407	NA	NA	NA	NA	NA	2	2	2	2	NA	0	0	2	0	2	2	0	0	1	0	0	0	2	0	0	0	0	2	0	0	2
CAL_105502_P004_WC11	 1.3.8	4.Norquay	Valley	Low	-115.586944	51.190178	81	127	89	70	7.400000095	18.39999962	6.599999905	-5	-4.5	4.599999905	-5.5	-16	0.0772	-0.0767218	1	1	1	1	NA	NA	NA	2	2	2	0	0	2	0	0	0	0	0	0	0	0	0	0	0	0	0	0	NA	0	0	2
CAL_105502_P004_WC12	 2.3.5	5.Cascade	S	High	-115.504167	51.248633	108	163	111	102	7	17.79999924	6.099999905	-5.199999809	-4.699999809	4.5	-5.800000191	-16.29999924	0.111	-0.0262233	2	2	0	2	0	1	1	2	2	0	2	0	0	1	1	1	0	0	1	0	0	1	NA	0	0	0	0	1	0	0	2
CAL_105502_P004_WD01	 3.3.8	3.Bell	S	High	-116.024544	51.305969	158	182	118	187	5.699999809	17.60000038	6	-6	-5.099999905	4.199999809	-5.900000095	-17.10000038	0.548	-0.00537562	0	0	2	1	0	0	0	1	0	0	1	0	1	NA	NA	1	0	0	2	0	0	0	1	0	1	0	0	NA	NA	NA	NA
CAL_105502_P004_WD02	 1.2.8	4.Norquay	S	High	-115.586944	51.190178	81	127	89	70	7.400000095	18.39999962	6.599999905	-5	-4.5	4.599999905	-5.5	-16	0.0772	0.0337173	0	0	1	1	1	1	1	0	0	NA	NA	0	2	1	1	1	0	0	1	0	0	1	NA	0	0	0	0	NA	1	0	NA
CAL_105502_P004_WD03	 8.1.4	1.Emerald	S	High	-116.540603	51.435322	204	247	137	262	5.099999905	16.89999962	5.5	-6.199999809	-4.800000191	4.300000191	-5.699999809	-15.80000019	0.82	0.0558878	NA	NA	NA	1	1	0	0	0	0	0	1	0	1	1	0	0	0	0	1	0	0	1	0	0	0	0	0	0	1	1	0
CAL_105502_P004_WD04	 3.3.12	3.Bell	S	High	-116.024544	51.305969	158	182	118	187	5.699999809	17.60000038	6	-6	-5.099999905	4.199999809	-5.900000095	-17.10000038	0.548	0.0437996	0	0	0	2	0	1	0	2	2	0	1	0	0	1	0	0	0	0	1	1	1	0	0	0	0	2	0	0	2	0	0
CAL_105502_P004_WD05	 7.2.7	7.Yates	N	High	-115.053825	51.038728	118	213	177	93	9.100000381	19.5	7.800000191	-3.599999905	-3.400000095	5.599999905	-4.800000191	-15.10000038	0.0617	0.0248826	0	0	0	0	0	NA	0	1	1	0	1	0	NA	1	0	0	0	1	2	0	0	0	0	0	0	0	0	NA	1	1	0
CAL_105502_P004_WD06	 6.2.4	8.Old Baldy	S	High	-115.131753	50.892411	107	187	161	113	7.699999809	18.10000038	6.099999905	-5	-4.400000095	4.900000095	-5.800000191	-15.89999962	0.322	0.0294321	NA	NA	NA	0	2	0	0	NA	NA	NA	2	1	1	1	0	0	1	1	1	0	1	1	0	0	1	0	0	1	1	0	1
CAL_105502_P004_WD07	 1.1.4	4.Norquay	N	High	-115.586944	51.190178	81	127	89	70	7.400000095	18.39999962	6.599999905	-5	-4.5	4.599999905	-5.5	-16	0.0772	0.0490297	NA	NA	NA	NA	NA	0	0	1	1	1	1	0	1	1	0	0	0	1	2	0	0	0	0	NA	NA	NA	NA	1	1	0	1
CAL_105502_P004_WD08	 8.2.12	1.Emerald	N	High	-116.540603	51.435322	204	247	137	262	5.099999905	16.89999962	5.5	-6.199999809	-4.800000191	4.300000191	-5.699999809	-15.80000019	0.82	0.0527094	0	0	1	0	1	1	0	0	0	NA	1	0	NA	1	1	1	0	0	1	0	0	1	0	0	0	0	0	0	0	2	0
CAL_105502_P004_WD09	 6.2.12	8.Old Baldy	S	High	-115.131753	50.892411	107	187	161	113	7.699999809	18.10000038	6.099999905	-5	-4.400000095	4.900000095	-5.800000191	-15.89999962	0.322	0.034801	0	0	1	0	2	0	0	NA	1	0	1	0	NA	1	0	0	1	0	1	0	1	0	1	1	1	1	1	0	2	0	0
CAL_105502_P004_WD10	 7.3.16	7.Yates	Valley	Low	-115.053825	51.038728	118	213	177	93	9.100000381	19.5	7.800000191	-3.599999905	-3.400000095	5.599999905	-4.800000191	-15.10000038	0.0617	-0.0699623	0	0	0	0	0	2	1	0	0	2	0	0	2	0	2	1	0	NA	2	0	0	0	NA	0	0	0	0	2	0	1	1
CAL_105502_P004_WD11	 6.1.12	8.Old Baldy	N	High	-115.131753	50.892411	107	187	161	113	7.699999809	18.10000038	6.099999905	-5	-4.400000095	4.900000095	-5.800000191	-15.89999962	0.322	0.00815986	NA	NA	NA	NA	NA	1	1	NA	1	NA	2	0	0	NA	0	0	0	0	1	1	1	0	0	0	2	2	2	2	0	0	2
CAL_105502_P004_WD12	 6.2.8	8.Old Baldy	S	High	-115.131753	50.892411	107	187	161	113	7.699999809	18.10000038	6.099999905	-5	-4.400000095	4.900000095	-5.800000191	-15.89999962	0.322	-0.0200577	0	0	0	2	0	2	1	2	2	NA	1	0	1	1	1	1	0	0	1	NA	NA	0	2	0	0	0	0	1	1	0	1
CAL_105502_P004_WE01	 4.2.4	6.Canmore	S	High	-115.329208	51.050556	98	183	144	88	7.800000191	18.29999924	6.5	-4.800000191	-4.400000095	4.800000191	-5.5	-16	0.121	-0.0767858	0	2	0	2	0	2	1	1	1	1	1	0	1	NA	1	1	0	0	1	0	0	0	1	0	0	1	0	2	0	0	2
CAL_105502_P004_WE02	 2.3.13	5.Cascade	S	High	-115.504167	51.248633	108	163	111	102	7	17.79999924	6.099999905	-5.199999809	-4.699999809	4.5	-5.800000191	-16.29999924	0.111	-0.0416465	0	0	0	2	0	1	1	2	2	0	2	0	0	1	0	0	0	0	0	0	0	NA	0	NA	NA	NA	NA	NA	0	0	1
CAL_105502_P004_WE03	 9.3.4	2.Cathedral	N	High	-116.327133	51.445664	297	291	200	350	2.200000048	14.30000019	3.299999952	-7.800000191	-5.5	3.700000048	-6.699999809	-16.60000038	0.873	0.0466964	0	0	0	2	0	0	0	2	2	0	1	0	NA	1	0	0	0	1	1	0	0	0	NA	0	0	0	0	0	1	1	0
CAL_105502_P004_WE04	 6.3.8	8.Old Baldy	Valley	Low	-115.131753	50.892411	107	187	161	113	7.699999809	18.10000038	6.099999905	-5	-4.400000095	4.900000095	-5.800000191	-15.89999962	0.322	-0.0426254	2	2	0	2	0	2	2	2	2	2	0	0	1	1	0	0	0	NA	1	0	0	0	0	0	1	1	1	2	0	0	2
CAL_105502_P004_WE05	 1.2.12	4.Norquay	S	High	-115.586944	51.190178	81	127	89	70	7.400000095	18.39999962	6.599999905	-5	-4.5	4.599999905	-5.5	-16	0.0772	0.0472801	NA	NA	0	2	0	1	1	NA	0	0	2	0	0	2	0	0	0	0	0	1	1	1	0	0	1	0	0	0	2	0	0
CAL_105502_P004_WE06	 4.1.16	6.Canmore	N	High	-115.329208	51.050556	98	183	144	88	7.800000191	18.29999924	6.5	-4.800000191	-4.400000095	4.800000191	-5.5	-16	0.121	0.0430349	0	1	0	1	1	2	2	NA	NA	0	1	0	1	1	1	1	0	0	1	0	0	1	1	0	0	0	0	1	0	1	1
CAL_105502_P004_WE07	 9.2.12	2.Cathedral	S	High	-116.327133	51.445664	297	291	200	350	2.200000048	14.30000019	3.299999952	-7.800000191	-5.5	3.700000048	-6.699999809	-16.60000038	0.873	0.036566	NA	NA	NA	NA	NA	1	0	0	0	0	1	0	0	2	0	0	0	0	0	1	1	1	0	0	2	2	2	0	1	0	1
CAL_105502_P004_WE08	 1.2.4	4.Norquay	S	High	-115.586944	51.190178	81	127	89	70	7.400000095	18.39999962	6.599999905	-5	-4.5	4.599999905	-5.5	-16	0.0772	0.0416645	0	0	0	0	2	0	0	0	0	2	1	0	1	1	0	0	0	0	1	0	0	0	NA	0	0	0	0	NA	2	0	0
CAL_105502_P004_WE09	 2.3.17	5.Cascade	S	High	-115.504167	51.248633	108	163	111	102	7	17.79999924	6.099999905	-5.199999809	-4.699999809	4.5	-5.800000191	-16.29999924	0.111	-0.0860387	0	NA	NA	0	2	1	1	2	2	2	0	0	2	0	1	1	0	0	2	0	0	0	2	1	0	0	0	1	NA	0	1
CAL_105502_P004_WE10	 2.1.8	5.Cascade	N	High	-115.504167	51.248633	108	163	111	102	7	17.79999924	6.099999905	-5.199999809	-4.699999809	4.5	-5.800000191	-16.29999924	0.111	0.0459525	0	0	2	0	2	1	0	2	2	1	NA	0	1	1	0	0	0	1	1	0	0	1	0	0	NA	1	0	1	0	0	0
CAL_105502_P004_WE11	 9.1.12	2.Cathedral	Valley	Low	-116.327133	51.445664	297	291	200	350	2.200000048	14.30000019	3.299999952	-7.800000191	-5.5	3.700000048	-6.699999809	-16.60000038	0.873	0.0549838	0	0	2	0	2	0	0	0	0	1	1	0	1	1	0	0	0	0	1	0	0	1	1	0	0	0	0	1	1	0	1
CAL_105502_P004_WE12	 7.3.12	7.Yates	Valley	Low	-115.053825	51.038728	118	213	177	93	9.100000381	19.5	7.800000191	-3.599999905	-3.400000095	5.599999905	-4.800000191	-15.10000038	0.0617	-0.0779806	NA	NA	NA	NA	0	1	1	2	2	2	1	0	1	1	0	1	0	1	1	0	0	0	1	0	0	NA	0	2	0	1	NA
CAL_105502_P004_WF01	 8.1.12	1.Emerald	S	High	-116.540603	51.435322	204	247	137	262	5.099999905	16.89999962	5.5	-6.199999809	-4.800000191	4.300000191	-5.699999809	-15.80000019	0.82	0.0546172	NA	NA	2	0	2	0	0	0	NA	0	0	0	1	0	0	0	0	1	2	0	0	0	0	0	1	1	1	0	1	0	1
CAL_105502_P004_WF02	 9.3.16	2.Cathedral	N	High	-116.327133	51.445664	297	291	200	350	2.200000048	14.30000019	3.299999952	-7.800000191	-5.5	3.700000048	-6.699999809	-16.60000038	0.873	0.0486136	NA	NA	NA	NA	NA	0	0	1	1	0	1	0	0	1	0	0	0	0	1	0	0	NA	0	0	0	2	0	0	1	1	0
CAL_105502_P004_WF03	 4.3.4	6.Canmore	Valley	Low	-115.329208	51.050556	98	183	144	88	7.800000191	18.29999924	6.5	-4.800000191	-4.400000095	4.800000191	-5.5	-16	0.121	-0.0802308	NA	NA	NA	2	0	2	2	2	2	0	0	0	1	0	NA	NA	0	1	1	0	0	0	0	0	1	2	1	2	0	0	2
CAL_105502_P004_WF04	 2.2.4	5.Cascade	Valley	Low	-115.504167	51.248633	108	163	111	102	7	17.79999924	6.099999905	-5.199999809	-4.699999809	4.5	-5.800000191	-16.29999924	0.111	-0.0768431	0	1	0	2	1	NA	1	2	2	1	1	0	1	1	1	1	0	0	1	0	0	0	NA	0	0	1	0	2	0	0	2
CAL_105502_P004_WF05	 8.1.16	1.Emerald	S	High	-116.540603	51.435322	204	247	137	262	5.099999905	16.89999962	5.5	-6.199999809	-4.800000191	4.300000191	-5.699999809	-15.80000019	0.82	0.0542208	NA	NA	NA	NA	NA	0	0	1	1	0	2	0	0	2	0	0	0	0	0	1	1	1	0	0	0	0	0	NA	2	0	0
CAL_105502_P004_WF06	 1.3.16	4.Norquay	Valley	Low	-115.586944	51.190178	81	127	89	70	7.400000095	18.39999962	6.599999905	-5	-4.5	4.599999905	-5.5	-16	0.0772	-0.0869679	0	0	2	NA	NA	1	1	NA	2	1	1	0	NA	NA	NA	1	0	0	1	0	0	0	1	NA	NA	NA	NA	2	0	0	2
CAL_105502_P004_WF07	 4.2.16	6.Canmore	S	High	-115.329208	51.050556	98	183	144	88	7.800000191	18.29999924	6.5	-4.800000191	-4.400000095	4.800000191	-5.5	-16	0.121	-0.0814385	0	2	0	2	0	1	1	2	2	0	NA	0	1	1	1	NA	0	0	NA	1	0	0	1	0	2	2	2	NA	1	1	1
CAL_105502_P004_WF08	 1.3.12	4.Norquay	Valley	Low	-115.586944	51.190178	81	127	89	70	7.400000095	18.39999962	6.599999905	-5	-4.5	4.599999905	-5.5	-16	0.0772	-0.0708574	0	0	2	0	1	1	0	0	NA	2	0	NA	NA	0	1	0	1	1	NA	0	NA	0	2	0	NA	0	0	NA	NA	0	0
CAL_105502_P004_WF09	 7.3.8	7.Yates	Valley	Low	-115.053825	51.038728	118	213	177	93	9.100000381	19.5	7.800000191	-3.599999905	-3.400000095	5.599999905	-4.800000191	-15.10000038	0.0617	-0.0778992	2	2	0	2	0	2	2	2	2	0	0	0	1	0	0	1	0	0	NA	0	0	0	1	0	0	0	NA	NA	0	0	2
CAL_105502_P004_WF10	 6.1.4	8.Old Baldy	N	High	-115.131753	50.892411	107	187	161	113	7.699999809	18.10000038	6.099999905	-5	-4.400000095	4.900000095	-5.800000191	-15.89999962	0.322	0.046126	1	2	0	2	0	2	2	2	2	NA	0	0	1	1	1	1	0	0	1	0	0	0	1	0	0	0	0	2	NA	NA	NA
CAL_105502_P004_WF11	 2.2.8	5.Cascade	Valley	Low	-115.504167	51.248633	108	163	111	102	7	17.79999924	6.099999905	-5.199999809	-4.699999809	4.5	-5.800000191	-16.29999924	0.111	-0.0867025	0	NA	0	0	2	1	1	1	1	0	1	0	0	1	0	0	0	1	1	1	1	0	0	0	1	2	2	0	2	0	0
CAL_105502_P004_WF12	 2.2.16	5.Cascade	Valley	Low	-115.504167	51.248633	108	163	111	102	7	17.79999924	6.099999905	-5.199999809	-4.699999809	4.5	-5.800000191	-16.29999924	0.111	-0.0758418	1	2	0	2	0	2	2	2	2	NA	NA	NA	0	1	0	0	0	0	0	0	0	0	0	0	0	2	0	NA	0	0	2
CAL_105502_P004_WG01	 3.1.8	3.Bell	Valley	Low	-116.024544	51.305969	158	182	118	187	5.699999809	17.60000038	6	-6	-5.099999905	4.199999809	-5.900000095	-17.10000038	0.548	-0.0369543	0	0	0	2	0	1	1	NA	NA	NA	0	0	0	NA	1	1	0	0	1	0	0	0	2	0	0	0	NA	2	0	0	2
CAL_105502_P004_WG02	 8.2.16	1.Emerald	N	High	-116.540603	51.435322	204	247	137	262	5.099999905	16.89999962	5.5	-6.199999809	-4.800000191	4.300000191	-5.699999809	-15.80000019	0.82	0.0415644	0	0	0	0	2	0	0	NA	NA	NA	1	0	1	1	0	0	0	0	2	0	0	1	NA	2	0	0	0	NA	1	0	1
CAL_105502_P004_WG03	 1.2.16	4.Norquay	S	High	-115.586944	51.190178	81	127	89	70	7.400000095	18.39999962	6.599999905	-5	-4.5	4.599999905	-5.5	-16	0.0772	0.0307799	0	0	2	0	2	0	0	0	0	1	1	0	1	1	0	0	0	0	1	0	0	NA	0	0	0	0	0	0	0	0	2
CAL_105502_P004_WG04	 8.2.8	1.Emerald	N	High	-116.540603	51.435322	204	247	137	262	5.099999905	16.89999962	5.5	-6.199999809	-4.800000191	4.300000191	-5.699999809	-15.80000019	0.82	0.0417636	0	0	2	0	2	0	0	0	0	1	0	0	1	1	0	0	0	0	NA	0	0	0	1	NA	NA	NA	NA	0	0	2	0
CAL_105502_P004_WG05	 3.1.4	3.Bell	Valley	Low	-116.024544	51.305969	158	182	118	187	5.699999809	17.60000038	6	-6	-5.099999905	4.199999809	-5.900000095	-17.10000038	0.548	0.0121265	0	1	1	1	1	0	0	0	NA	0	NA	0	0	0	0	0	0	1	2	0	0	0	2	NA	NA	NA	NA	2	0	0	2
CAL_105502_P004_WG06	 6.3.16	8.Old Baldy	Valley	Low	-115.131753	50.892411	107	187	161	113	7.699999809	18.10000038	6.099999905	-5	-4.400000095	4.900000095	-5.800000191	-15.89999962	0.322	-0.0628116	0	0	0	2	0	0	0	2	0	2	0	0	2	1	1	1	NA	NA	1	0	0	0	1	0	2	0	NA	NA	0	0	2
CAL_105502_P004_WG07	 3.1.12	3.Bell	Valley	Low	-116.024544	51.305969	158	182	118	187	5.699999809	17.60000038	6	-6	-5.099999905	4.199999809	-5.900000095	-17.10000038	0.548	-0.00951097	0	1	0	2	1	0	0	2	2	NA	1	0	0	1	0	0	0	1	1	0	0	1	0	0	1	1	1	0	0	2	0
CAL_105502_P004_WG08	 7.1.4	7.Yates	S	High	-115.053825	51.038728	118	213	177	93	9.100000381	19.5	7.800000191	-3.599999905	-3.400000095	5.599999905	-4.800000191	-15.10000038	0.0617	-0.0546076	0	0	0	0	2	1	0	NA	1	0	0	NA	1	1	0	0	1	1	1	0	1	0	0	0	2	2	0	0	1	1	0
CAL_105502_P004_WG09	 4.3.12	6.Canmore	Valley	Low	-115.329208	51.050556	98	183	144	88	7.800000191	18.29999924	6.5	-4.800000191	-4.400000095	4.800000191	-5.5	-16	0.121	-0.0559974	NA	NA	NA	NA	2	0	0	1	NA	0	2	0	0	2	0	0	0	0	0	1	1	0	0	0	0	0	0	1	1	0	1
CAL_105502_P004_WG10	 4.1.4	6.Canmore	N	High	-115.329208	51.050556	98	183	144	88	7.800000191	18.29999924	6.5	-4.800000191	-4.400000095	4.800000191	-5.5	-16	0.121	0.0328684	0	2	0	1	1	1	1	1	1	0	1	0	1	1	1	1	0	0	1	0	0	1	1	0	0	0	0	NA	NA	NA	NA
CAL_105502_P004_WG11	 4.3.16	6.Canmore	Valley	Low	-115.329208	51.050556	98	183	144	88	7.800000191	18.29999924	6.5	-4.800000191	-4.400000095	4.800000191	-5.5	-16	0.121	-0.00198524	1	1	1	1	0	1	1	1	1	NA	0	0	2	0	0	1	0	0	1	0	0	0	2	0	2	2	2	2	0	0	2
CAL_105502_P004_WG12	 1.1.8	4.Norquay	N	High	-115.586944	51.190178	81	127	89	70	7.400000095	18.39999962	6.599999905	-5	-4.5	4.599999905	-5.5	-16	0.0772	0.0401494	1	1	0	1	1	1	1	0	1	0	2	0	0	2	0	0	0	0	0	1	1	0	0	NA	NA	NA	NA	1	2	0	1
CAL_105502_P004_WH01	 6.3.12	8.Old Baldy	Valley	Low	-115.131753	50.892411	107	187	161	113	7.699999809	18.10000038	6.099999905	-5	-4.400000095	4.900000095	-5.800000191	-15.89999962	0.322	0.052193	0	NA	0	NA	2	0	0	0	0	1	1	0	1	1	0	0	0	1	1	1	1	0	0	NA	NA	NA	NA	0	2	0	0
CAL_105502_P004_WH02	 4.2.12	6.Canmore	S	High	-115.329208	51.050556	98	183	144	88	7.800000191	18.29999924	6.5	-4.800000191	-4.400000095	4.800000191	-5.5	-16	0.121	-0.0186362	NA	NA	NA	NA	NA	1	1	1	2	1	0	0	1	0	1	1	0	0	1	1	1	0	NA	0	1	1	1	NA	0	NA	NA
CAL_105502_P004_WH03	 7.1.12	7.Yates	S	High	-115.053825	51.038728	118	213	177	93	9.100000381	19.5	7.800000191	-3.599999905	-3.400000095	5.599999905	-4.800000191	-15.10000038	0.0617	-0.0653873	0	0	0	0	2	1	0	2	2	0	2	0	0	2	0	0	NA	0	0	0	1	0	0	0	1	1	2	0	1	1	0
CAL_105502_P004_WH04	 3.1.16	3.Bell	Valley	Low	-116.024544	51.305969	158	182	118	187	5.699999809	17.60000038	6	-6	-5.099999905	4.199999809	-5.900000095	-17.10000038	0.548	0.0357353	0	0	2	0	2	0	0	0	0	0	1	0	0	1	0	0	0	0	1	1	1	0	0	0	2	2	1	1	0	1	1
CAL_105502_P004_WH05	 1.1.16	4.Norquay	N	High	-115.586944	51.190178	81	127	89	70	7.400000095	18.39999962	6.599999905	-5	-4.5	4.599999905	-5.5	-16	0.0772	0.041766	NA	NA	2	0	2	0	0	0	0	1	1	1	1	1	0	0	1	0	0	0	1	0	0	2	0	0	0	0	2	0	0
CAL_105502_P004_WH07	 4.1.8	6.Canmore	N	High	-115.329208	51.050556	98	183	144	88	7.800000191	18.29999924	6.5	-4.800000191	-4.400000095	4.800000191	-5.5	-16	0.121	0.0271631	0	2	0	NA	NA	2	1	2	2	1	1	0	1	1	1	1	0	0	1	1	1	0	1	0	1	1	1	1	1	0	1
CAL_105502_P004_WH08	 3.2.4	3.Bell	N	High	-116.024544	51.305969	158	182	118	187	5.699999809	17.60000038	6	-6	-5.099999905	4.199999809	-5.900000095	-17.10000038	0.548	0.0527837	0	0	0	0	NA	0	0	1	1	0	1	0	1	1	0	0	1	0	0	1	2	0	0	0	NA	NA	NA	NA	1	1	0
CAL_105502_P004_WH09	 2.2.12	5.Cascade	Valley	Low	-115.504167	51.248633	108	163	111	102	7	17.79999924	6.099999905	-5.199999809	-4.699999809	4.5	-5.800000191	-16.29999924	0.111	-0.0869867	0	0	0	2	0	1	1	2	1	2	0	0	2	1	0	0	0	0	1	0	0	1	1	0	0	0	0	NA	0	1	1
CAL_105502_P004_WH10	 3.3.4	3.Bell	S	High	-116.024544	51.305969	158	182	118	187	5.699999809	17.60000038	6	-6	-5.099999905	4.199999809	-5.900000095	-17.10000038	0.548	0.0454525	0	1	1	NA	1	1	1	1	1	0	1	0	1	2	0	1	0	0	1	0	0	1	1	0	0	0	0	2	0	0	2
CAL_105502_P004_WH11	 7.1.8	7.Yates	S	High	-115.053825	51.038728	118	213	177	93	9.100000381	19.5	7.800000191	-3.599999905	-3.400000095	5.599999905	-4.800000191	-15.10000038	0.0617	-0.0573988	0	1	0	2	0	1	1	2	2	NA	1	0	0	NA	0	1	1	0	1	0	1	0	1	0	0	NA	NA	1	0	1	1
CAL_105502_P004_WH12	 3.2.8	3.Bell	N	High	-116.024544	51.305969	158	182	118	187	5.699999809	17.60000038	6	-6	-5.099999905	4.199999809	-5.900000095	-17.10000038	0.548	0.05282	0	0	2	0	2	0	0	0	0	1	1	0	1	1	0	0	0	1	1	0	1	0	0	0	1	1	1	1	1	0	1
